1 0.371169 0.041904 0.419758 0.023375
1 0.329032 0.072406 0.335484 0.019384
1 0.415323 0.102623 0.508065 0.023375
1 0.369355 0.133267 0.416129 0.019099
1 0.378831 0.161488 0.435081 0.019669
1 0.389919 0.189994 0.457258 0.019669
1 0.310282 0.218501 0.297984 0.019669
1 0.590726 0.247007 0.858871 0.019669
1 0.402823 0.275371 0.483065 0.019954
1 0.308468 0.303307 0.294355 0.021095
1 0.316129 0.334379 0.309677 0.023375
1 0.397379 0.366591 0.472177 0.023375
1 0.357661 0.397092 0.392742 0.019384
1 0.357863 0.425599 0.393145 0.019384
1 0.307258 0.453820 0.291935 0.019954
1 0.406855 0.481756 0.491129 0.021095
1 0.367944 0.510975 0.413306 0.019669
1 0.322177 0.539766 0.321774 0.019099
1 0.408871 0.569128 0.495161 0.024800
1 0.377016 0.599487 0.431452 0.021095
1 0.387097 0.628848 0.451613 0.019384
1 0.359879 0.659065 0.397177 0.023375
1 0.306653 0.689282 0.290726 0.019954
1 0.391935 0.717930 0.461290 0.019669
1 0.344960 0.748147 0.367339 0.023660
1 0.401411 0.778649 0.480242 0.019669
1 0.385484 0.809008 0.448387 0.023375
1 0.331452 0.839367 0.340323 0.019669
1 0.282056 0.869584 0.241532 0.023660
1 0.329637 0.899515 0.336694 0.020810
1 0.495161 0.928592 0.667742 0.019669
1 0.204839 0.956528 0.087097 0.020810
