1 0.370968 0.067845 0.500000 0.021095
1 0.319153 0.092503 0.396371 0.019669
1 0.300202 0.115023 0.358468 0.019669
1 0.286895 0.137543 0.331855 0.019669
1 0.302823 0.159493 0.363710 0.020810
1 0.370766 0.185718 0.499597 0.023090
1 0.310282 0.209949 0.378629 0.019099
1 0.289113 0.233324 0.336290 0.023660
1 0.336895 0.295895 0.431855 0.021095
1 0.323387 0.320553 0.404839 0.019669
1 0.334073 0.345211 0.426210 0.022805
1 0.352419 0.370582 0.462903 0.023375
1 0.164516 0.394812 0.087097 0.019954
1 0.400806 0.418900 0.559677 0.024800
1 0.318347 0.445268 0.394758 0.019954
1 0.323790 0.468216 0.405645 0.019669
1 0.406653 0.040051 0.692339 0.019669
1 0.201210 0.268101 0.321774 0.020239
0 0.625000 0.527366 0.120968 0.085519
1 0.350202 0.496152 0.619758 0.019669
0 0.100806 0.570125 0.120968 0.085519
1 0.101008 0.622007 0.121371 0.017104
