1 0.391129 0.041904 0.459677 0.023375
1 0.281452 0.073831 0.240323 0.023945
1 0.420363 0.106328 0.518145 0.023375
1 0.367742 0.136688 0.412903 0.019669
1 0.371169 0.167047 0.419758 0.023375
1 0.316935 0.197406 0.311290 0.019669
1 0.384879 0.227052 0.447177 0.024800
1 0.340323 0.259977 0.358065 0.023375
1 0.366532 0.291477 0.410484 0.024800
1 0.350000 0.324401 0.377419 0.023375
1 0.361694 0.355046 0.400806 0.019099
1 0.390726 0.382554 0.458871 0.021095
1 0.332460 0.412913 0.342339 0.024800
1 0.380645 0.444270 0.438710 0.019099
1 0.258266 0.472777 0.193952 0.019099
1 0.336895 0.500285 0.351210 0.021095
1 0.426411 0.529789 0.530242 0.019099
1 0.336895 0.559151 0.351210 0.024800
1 0.372984 0.590080 0.423387 0.019954
1 0.321976 0.618729 0.321371 0.019669
1 0.368750 0.649088 0.414919 0.023375
1 0.250202 0.678734 0.177823 0.021095
1 0.314718 0.707953 0.306855 0.019669
1 0.586694 0.736460 0.850806 0.019669
1 0.477419 0.766819 0.632258 0.023375
1 0.487903 0.798318 0.653226 0.024800
1 0.471573 0.828677 0.620565 0.021095
1 0.395766 0.859749 0.468952 0.023375
1 0.199798 0.889681 0.077016 0.011403
1 0.387500 0.915906 0.452419 0.023375
1 0.373992 0.948119 0.425403 0.023375
