1 0.337097 0.039339 0.351613 0.021095
1 0.377621 0.068843 0.432661 0.019099
1 0.351411 0.096921 0.380242 0.019954
1 0.405242 0.127281 0.487903 0.023660
1 0.367540 0.157782 0.412500 0.019669
1 0.428831 0.188141 0.535081 0.023375
1 0.436694 0.218786 0.550806 0.019099
1 0.325605 0.249287 0.328629 0.022520
1 0.411290 0.281214 0.500000 0.023090
1 0.285887 0.311431 0.249194 0.019669
1 0.337500 0.339225 0.352419 0.021095
1 0.276008 0.367731 0.229435 0.021095
1 0.401210 0.396237 0.479839 0.021095
1 0.265323 0.427594 0.208065 0.022805
1 0.375403 0.457668 0.428226 0.019669
1 0.303831 0.488027 0.285081 0.023375
1 0.419153 0.518387 0.515726 0.019669
1 0.238508 0.547320 0.154435 0.018814
1 0.349798 0.574686 0.377016 0.021095
1 0.303427 0.604190 0.284274 0.019099
1 0.282661 0.632839 0.242742 0.018814
1 0.318750 0.660918 0.314919 0.019669
1 0.374395 0.689424 0.426210 0.019669
1 0.318347 0.718216 0.314113 0.019099
1 0.261895 0.746437 0.201210 0.019669
1 0.344960 0.774943 0.367339 0.019669
1 0.382056 0.803592 0.441532 0.019384
1 0.382863 0.833808 0.443145 0.023375
1 0.323790 0.864168 0.325000 0.019669
1 0.345766 0.892674 0.368952 0.019669
1 0.218548 0.921180 0.114516 0.019669
1 0.358266 0.951539 0.393952 0.023375
