1 0.242944 0.037058 0.163306 0.016534
1 0.374194 0.065279 0.425806 0.024515
1 0.272984 0.096209 0.223387 0.019669
1 0.510887 0.124572 0.699194 0.019954
1 0.292339 0.153221 0.262097 0.019669
1 0.401613 0.181727 0.480645 0.019669
1 0.326008 0.210234 0.329435 0.019669
1 0.355242 0.238740 0.387903 0.019669
1 0.420161 0.268387 0.517742 0.024800
1 0.373992 0.299743 0.425403 0.019099
1 0.331452 0.327965 0.340323 0.019669
1 0.285685 0.358609 0.248790 0.022805
1 0.487097 0.389823 0.651613 0.024800
1 0.215121 0.424601 0.107661 0.019669
1 0.425806 0.454247 0.529032 0.024800
1 0.420968 0.484607 0.519355 0.021095
1 0.332056 0.513113 0.341532 0.021095
1 0.386895 0.542617 0.451210 0.019099
1 0.348589 0.572691 0.374597 0.023375
1 0.348992 0.604618 0.375403 0.023945
1 0.329839 0.635262 0.337097 0.019669
1 0.340524 0.663056 0.358468 0.021095
1 0.316129 0.692132 0.309677 0.019954
1 0.203226 0.721066 0.083871 0.019099
1 0.341734 0.749287 0.360887 0.019669
1 0.363710 0.778079 0.404839 0.019099
1 0.301815 0.806300 0.281048 0.019669
1 0.378024 0.834094 0.433468 0.021095
1 0.380847 0.863170 0.439113 0.019954
1 0.406048 0.893672 0.489516 0.023375
1 0.477016 0.923318 0.631452 0.021095
1 0.347782 0.952822 0.372984 0.019099
