1 0.340323 0.041904 0.358065 0.023375
1 0.493548 0.073404 0.664516 0.024800
1 0.313306 0.104618 0.304032 0.019384
1 0.344355 0.133124 0.366129 0.019384
1 0.356855 0.161488 0.391129 0.019669
1 0.302621 0.190137 0.282661 0.019384
1 0.371573 0.220353 0.420565 0.023375
1 0.393145 0.250713 0.463710 0.019669
1 0.326210 0.280359 0.329839 0.024800
1 0.436895 0.313284 0.551210 0.023375
1 0.385685 0.345496 0.448790 0.023375
1 0.342742 0.377993 0.362903 0.022805
1 0.344355 0.409920 0.366129 0.023375
1 0.429032 0.442132 0.535484 0.023375
1 0.193145 0.471779 0.063710 0.011973
1 0.511895 0.498290 0.701210 0.023375
1 0.368347 0.530359 0.414113 0.023660
1 0.404637 0.562714 0.486694 0.023375
1 0.417339 0.594926 0.512097 0.023375
1 0.382661 0.627281 0.442742 0.023090
1 0.234879 0.659350 0.147177 0.023375
1 0.562702 0.691420 0.802823 0.023660
1 0.401008 0.721921 0.479435 0.019669
1 0.463105 0.751568 0.603629 0.024800
1 0.380444 0.784493 0.438306 0.023375
1 0.184476 0.814139 0.046371 0.011973
1 0.409476 0.839937 0.496371 0.024800
1 0.460484 0.872862 0.598387 0.023375
1 0.253024 0.903506 0.183468 0.019099
1 0.385685 0.933580 0.448790 0.023375
1 0.379839 0.965222 0.437097 0.024515
