1 0.398589 0.040194 0.474597 0.020525
1 0.379839 0.069128 0.437097 0.019669
1 0.329839 0.097064 0.337097 0.020810
1 0.386694 0.125428 0.450806 0.021095
1 0.439516 0.154647 0.556452 0.019669
1 0.380847 0.185006 0.439113 0.023375
1 0.370363 0.215222 0.418145 0.019954
1 0.252218 0.244156 0.181855 0.019099
1 0.482661 0.274230 0.642742 0.023375
1 0.388710 0.306157 0.454839 0.023945
1 0.341935 0.338940 0.361290 0.022805
1 0.398790 0.369014 0.475000 0.019669
1 0.448992 0.397520 0.575403 0.019669
1 0.389113 0.427879 0.455645 0.023375
1 0.302823 0.458523 0.283065 0.019099
1 0.337500 0.486745 0.352419 0.019669
1 0.369153 0.516961 0.415726 0.023660
1 0.320766 0.547463 0.318952 0.019669
1 0.401613 0.576254 0.480645 0.019099
1 0.358669 0.604475 0.394758 0.019669
1 0.414919 0.632839 0.507258 0.019954
1 0.312702 0.661345 0.302823 0.019954
1 0.282460 0.689282 0.242339 0.021095
1 0.405242 0.720639 0.487903 0.022805
1 0.296774 0.752566 0.270968 0.023375
1 0.536290 0.784778 0.750000 0.023375
1 0.397177 0.815137 0.471774 0.019669
1 0.411694 0.844926 0.500806 0.024515
1 0.343750 0.875570 0.364919 0.020239
1 0.357661 0.904361 0.392742 0.019669
1 0.294355 0.932868 0.266129 0.019669
1 0.286290 0.961374 0.250000 0.019669
