1 0.276411 0.040194 0.230242 0.019384
1 0.299597 0.067845 0.276613 0.021095
1 0.330444 0.097349 0.338306 0.020239
1 0.434073 0.126140 0.545565 0.019669
1 0.244556 0.154789 0.166532 0.019384
1 0.330645 0.183153 0.338710 0.019669
1 0.388710 0.211659 0.454839 0.019669
1 0.306653 0.240450 0.290726 0.020239
1 0.529032 0.271095 0.735484 0.023375
1 0.409677 0.301454 0.496774 0.019669
1 0.316935 0.329960 0.311290 0.019669
1 0.318952 0.357754 0.315323 0.021095
1 0.497782 0.386973 0.672984 0.019669
1 0.237903 0.415479 0.153226 0.019669
1 0.400202 0.443273 0.477823 0.021095
1 0.295766 0.472491 0.268952 0.019669
1 0.388105 0.502993 0.453629 0.023090
1 0.177218 0.533352 0.031855 0.010262
1 0.371976 0.559008 0.421371 0.023375
1 0.275403 0.591648 0.228226 0.022520
1 0.379637 0.621579 0.436694 0.019669
1 0.285081 0.650086 0.247581 0.019669
1 0.502218 0.680445 0.681855 0.023375
1 0.371774 0.710804 0.420968 0.019669
1 0.512298 0.741163 0.702016 0.023375
1 0.367540 0.771522 0.412500 0.019669
1 0.353226 0.800029 0.383871 0.019669
1 0.391532 0.828535 0.460484 0.019669
1 0.340927 0.857041 0.359274 0.019669
1 0.370161 0.887685 0.417742 0.022805
1 0.254839 0.917759 0.187097 0.019669
1 0.399194 0.945553 0.475806 0.021095
