1 0.548387 0.041334 0.774194 0.024515
1 0.350403 0.072263 0.378226 0.019669
1 0.173992 0.100912 0.025403 0.010262
1 0.354234 0.125000 0.385887 0.019099
1 0.275202 0.155359 0.227823 0.022805
1 0.380040 0.184721 0.437500 0.021095
1 0.346976 0.213227 0.371371 0.021095
1 0.269556 0.242446 0.216532 0.019669
1 0.403629 0.272805 0.484677 0.023375
1 0.515121 0.303164 0.707661 0.019669
1 0.379032 0.331956 0.435484 0.019099
1 0.360887 0.360177 0.399194 0.019669
1 0.226008 0.388683 0.129435 0.019669
1 0.420161 0.417189 0.517742 0.019669
1 0.368347 0.447548 0.414113 0.023375
1 0.400806 0.477908 0.479032 0.019669
1 0.418750 0.506414 0.514919 0.019669
1 0.297177 0.534920 0.271774 0.019669
1 0.262298 0.563426 0.202016 0.019669
1 0.374194 0.591933 0.425806 0.019669
1 0.292339 0.620439 0.262097 0.019669
1 0.377621 0.648945 0.432661 0.019669
1 0.412097 0.677594 0.501613 0.019384
1 0.275605 0.706100 0.228629 0.019384
1 0.373589 0.734464 0.424597 0.019669
1 0.397379 0.764253 0.472177 0.024515
1 0.379435 0.797035 0.436290 0.023375
1 0.337702 0.827537 0.352823 0.019384
1 0.259476 0.855188 0.196371 0.021095
1 0.454234 0.885547 0.585887 0.024800
1 0.460887 0.918472 0.599194 0.023375
1 0.380040 0.949116 0.437500 0.019099
