1 0.248992 0.068843 0.256048 0.019099
1 0.410685 0.090507 0.579435 0.019669
1 0.353831 0.113027 0.465726 0.019669
1 0.335081 0.135547 0.428226 0.019669
1 0.188306 0.158352 0.134677 0.019099
1 0.347782 0.180017 0.453629 0.019669
1 0.284274 0.202395 0.326613 0.019954
1 0.322379 0.225342 0.402823 0.019669
1 0.280847 0.245439 0.319758 0.015393
1 0.332460 0.296608 0.422984 0.019669
1 0.368145 0.319128 0.494355 0.019669
1 0.353831 0.341648 0.465726 0.019669
1 0.235887 0.366021 0.229839 0.023375
1 0.305242 0.390393 0.368548 0.019669
1 0.404435 0.414054 0.566935 0.024800
1 0.345565 0.440279 0.449194 0.020239
1 0.274194 0.463512 0.306452 0.019954
1 0.406653 0.040051 0.692339 0.019669
1 0.201210 0.268101 0.321774 0.020239
0 0.625000 0.527366 0.120968 0.085519
1 0.350202 0.496152 0.619758 0.019669
0 0.100806 0.570125 0.120968 0.085519
1 0.101008 0.622007 0.121371 0.017104
