1 0.336089 0.041904 0.349597 0.023375
1 0.296774 0.072263 0.270968 0.019669
1 0.276008 0.100770 0.229435 0.019669
1 0.319153 0.131129 0.315726 0.023375
1 0.377823 0.160775 0.433065 0.021095
1 0.301210 0.189994 0.279839 0.019669
1 0.327419 0.217788 0.332258 0.021095
1 0.356048 0.247007 0.389516 0.019669
1 0.310887 0.277651 0.299194 0.022805
1 0.332056 0.308865 0.341532 0.017389
1 0.334073 0.336231 0.345565 0.019669
1 0.325806 0.366448 0.329032 0.023660
1 0.383266 0.396807 0.443952 0.019954
1 0.364718 0.425456 0.406855 0.019669
1 0.271573 0.454105 0.220565 0.019384
1 0.333669 0.484322 0.344758 0.023375
1 0.382460 0.515821 0.442339 0.024800
1 0.391331 0.546323 0.460081 0.020810
1 0.226008 0.573119 0.129435 0.015108
1 0.374798 0.598632 0.427016 0.021095
1 0.310081 0.627851 0.297581 0.019669
1 0.272379 0.656642 0.222177 0.019099
1 0.377621 0.684863 0.432661 0.019669
1 0.404637 0.713227 0.486694 0.019954
1 0.344355 0.743444 0.366129 0.023945
1 0.295363 0.774088 0.268145 0.019669
1 0.413710 0.802594 0.504839 0.019669
1 0.226613 0.833238 0.130645 0.022805
1 0.388508 0.863312 0.454435 0.019669
1 0.262298 0.892104 0.202016 0.019099
1 0.385282 0.922178 0.447984 0.023375
1 0.382863 0.952537 0.443145 0.019669
