1 0.263710 0.070410 0.285484 0.023375
1 0.325202 0.096636 0.408468 0.023375
1 0.378831 0.121009 0.515726 0.019669
1 0.348992 0.143529 0.456048 0.019669
1 0.191129 0.166334 0.140323 0.019099
1 0.319355 0.187999 0.396774 0.019669
1 0.358468 0.212372 0.475000 0.023375
1 0.310685 0.238597 0.379435 0.023375
1 0.275806 0.296608 0.309677 0.019669
1 0.290726 0.320981 0.339516 0.023375
1 0.427621 0.345353 0.613306 0.019669
1 0.288306 0.368016 0.334677 0.019384
1 0.284073 0.392104 0.326210 0.023090
1 0.216532 0.416192 0.191129 0.019384
1 0.337702 0.437571 0.433468 0.021095
1 0.339919 0.461659 0.437903 0.020810
1 0.406653 0.040051 0.692339 0.019669
1 0.201210 0.268101 0.321774 0.020239
0 0.625000 0.527366 0.120968 0.085519
1 0.350202 0.496152 0.619758 0.019669
0 0.100806 0.570125 0.120968 0.085519
1 0.101008 0.622007 0.121371 0.017104
