1 0.486694 0.041904 0.650806 0.023375
1 0.357258 0.072121 0.391935 0.019954
1 0.353629 0.100200 0.384677 0.020810
1 0.364919 0.129561 0.407258 0.019099
1 0.217540 0.157925 0.112500 0.018814
1 0.402419 0.186003 0.482258 0.019669
1 0.322581 0.214367 0.322581 0.019954
1 0.319758 0.242873 0.316935 0.019954
1 0.265121 0.271522 0.207661 0.019669
1 0.338911 0.300029 0.355242 0.019669
1 0.340927 0.328535 0.359274 0.019669
1 0.360484 0.358894 0.398387 0.023375
1 0.342742 0.390393 0.362903 0.024800
1 0.386895 0.421465 0.451210 0.019669
1 0.371371 0.451967 0.420161 0.023090
1 0.433871 0.482184 0.545161 0.019669
1 0.374395 0.512543 0.426210 0.023375
1 0.370968 0.542189 0.419355 0.021095
1 0.309476 0.573261 0.296371 0.023375
1 0.167137 0.606756 0.011694 0.004276
1 0.323589 0.627566 0.324597 0.019669
1 0.601210 0.657212 0.879839 0.024800
1 0.289919 0.688284 0.257258 0.019669
1 0.509274 0.716790 0.695968 0.019669
1 0.220968 0.745296 0.119355 0.019669
1 0.374597 0.773803 0.426613 0.019669
1 0.344153 0.804162 0.365726 0.023375
1 0.238306 0.834949 0.154032 0.018814
1 0.368347 0.863027 0.414113 0.019669
1 0.408871 0.891534 0.495161 0.019669
1 0.397177 0.920040 0.471774 0.019669
1 0.403226 0.949686 0.483871 0.024800
