1 0.234879 0.042189 0.147177 0.022805
1 0.533065 0.074116 0.743548 0.023375
1 0.255444 0.108181 0.188306 0.019669
1 0.309879 0.136688 0.297177 0.019669
1 0.307460 0.167047 0.292339 0.023375
1 0.290323 0.197406 0.258065 0.019669
1 0.323387 0.225912 0.324194 0.019669
1 0.299798 0.254561 0.277016 0.019384
1 0.420968 0.284778 0.519355 0.023375
1 0.424798 0.316990 0.527016 0.023375
1 0.299798 0.349202 0.277016 0.023375
1 0.420161 0.379561 0.517742 0.019669
1 0.402621 0.409778 0.482661 0.023660
1 0.364113 0.440279 0.405645 0.019669
1 0.324798 0.469071 0.327016 0.019099
1 0.437702 0.497292 0.552823 0.019669
1 0.422177 0.525798 0.521774 0.019669
1 0.389315 0.554304 0.456048 0.019669
1 0.462500 0.582811 0.602419 0.019669
1 0.329435 0.611602 0.336290 0.019099
1 0.303629 0.639823 0.284677 0.019669
1 0.346573 0.668330 0.370565 0.019669
1 0.350605 0.698831 0.378629 0.023090
1 0.288508 0.728905 0.254435 0.019954
1 0.339113 0.757554 0.355645 0.019669
1 0.345968 0.785348 0.369355 0.021095
1 0.416532 0.816420 0.510484 0.023375
1 0.354435 0.846779 0.386290 0.019669
1 0.319153 0.874715 0.315726 0.020810
1 0.384274 0.903221 0.445968 0.020810
1 0.372177 0.932440 0.421774 0.019384
1 0.354637 0.962657 0.386694 0.023375
