1 0.407056 0.040051 0.491532 0.019669
1 0.365726 0.068558 0.408871 0.019669
1 0.360484 0.099202 0.398387 0.022805
1 0.245161 0.129561 0.167742 0.019099
1 0.410484 0.157782 0.498387 0.019669
1 0.204032 0.186574 0.085484 0.019099
1 0.430444 0.215080 0.538306 0.020239
1 0.268750 0.243871 0.214919 0.019669
1 0.539113 0.274373 0.755645 0.023090
1 0.228024 0.304590 0.133468 0.019669
1 0.439919 0.334949 0.557258 0.023375
1 0.244355 0.365308 0.166129 0.019669
1 0.394556 0.394954 0.466532 0.024800
1 0.352218 0.427166 0.381855 0.024800
1 0.392137 0.457668 0.461694 0.020810
1 0.308266 0.488027 0.293952 0.024515
1 0.354435 0.520810 0.386290 0.023375
1 0.372984 0.551169 0.423387 0.019669
1 0.174395 0.579247 0.026210 0.011403
1 0.397379 0.603620 0.472177 0.019669
1 0.302823 0.632127 0.283065 0.019669
1 0.410484 0.662486 0.498387 0.023375
1 0.167137 0.695981 0.011694 0.004276
1 0.360484 0.716790 0.398387 0.019669
1 0.363508 0.747007 0.404435 0.023660
1 0.238306 0.777509 0.154032 0.019669
1 0.456855 0.807725 0.591129 0.023660
1 0.274597 0.838227 0.226613 0.019669
1 0.331653 0.866591 0.340726 0.019954
1 0.318145 0.897092 0.313710 0.023375
1 0.371976 0.927737 0.421371 0.019099
1 0.432661 0.957811 0.542742 0.023375
