1 0.343750 0.040051 0.364919 0.019669
1 0.386895 0.070410 0.451210 0.023375
1 0.366331 0.102623 0.410081 0.023375
1 0.491935 0.132982 0.661290 0.019669
1 0.400605 0.161488 0.478629 0.019669
1 0.350403 0.191847 0.378226 0.023375
1 0.313710 0.222349 0.304839 0.019384
1 0.344758 0.250713 0.366935 0.019669
1 0.376008 0.279219 0.429435 0.019669
1 0.386492 0.309578 0.450403 0.023375
1 0.343952 0.339937 0.365323 0.019669
1 0.310081 0.368444 0.297581 0.019669
1 0.347379 0.398803 0.372177 0.023375
1 0.380242 0.430302 0.437903 0.024800
1 0.346573 0.460661 0.370565 0.021095
1 0.405847 0.489880 0.489113 0.019669
1 0.336492 0.518387 0.350403 0.019669
1 0.341129 0.546750 0.359677 0.019384
1 0.309879 0.575114 0.297177 0.019669
1 0.307258 0.605901 0.291935 0.022520
1 0.336492 0.635832 0.350403 0.019669
1 0.376613 0.664339 0.430645 0.019669
1 0.257056 0.693130 0.191532 0.019099
1 0.310081 0.721351 0.297581 0.019669
1 0.337903 0.751710 0.353226 0.023375
1 0.258468 0.782070 0.194355 0.019669
1 0.388105 0.811716 0.453629 0.024800
1 0.332863 0.842788 0.343145 0.019669
1 0.553024 0.872434 0.783468 0.024800
1 0.294758 0.903506 0.266935 0.019669
1 0.363911 0.933865 0.405242 0.023375
1 0.325806 0.966078 0.329032 0.023375
