1 0.384476 0.070410 0.527016 0.023375
1 0.285685 0.096636 0.329435 0.023375
1 0.293548 0.122862 0.345161 0.023375
1 0.337702 0.147235 0.433468 0.019669
1 0.314516 0.171608 0.387097 0.023375
1 0.301411 0.195981 0.360887 0.019669
1 0.361089 0.218501 0.480242 0.019669
1 0.237702 0.242873 0.233468 0.023375
1 0.331653 0.298461 0.421371 0.023375
1 0.306250 0.323119 0.370565 0.019099
1 0.265726 0.346636 0.289516 0.023375
1 0.286290 0.370724 0.330645 0.020239
1 0.216734 0.394099 0.191532 0.019669
1 0.342944 0.418472 0.443952 0.023375
1 0.281653 0.443130 0.321371 0.020239
1 0.296573 0.465222 0.351210 0.021095
1 0.406653 0.040051 0.692339 0.019669
1 0.201210 0.268101 0.321774 0.020239
0 0.625000 0.527366 0.120968 0.085519
1 0.350202 0.496152 0.619758 0.019669
0 0.100806 0.570125 0.120968 0.085519
1 0.101008 0.622007 0.121371 0.017104
