1 0.398992 0.039339 0.475403 0.021095
1 0.373992 0.068558 0.425403 0.019669
1 0.374798 0.098917 0.427016 0.023375
1 0.413710 0.129418 0.504839 0.019384
1 0.299597 0.157782 0.276613 0.019669
1 0.335887 0.188141 0.349194 0.023375
1 0.357056 0.220353 0.391532 0.023375
1 0.312097 0.250713 0.301613 0.019669
1 0.339718 0.279504 0.356855 0.020239
1 0.303427 0.310148 0.284274 0.023375
1 0.368548 0.339795 0.414516 0.021095
1 0.395766 0.370154 0.468952 0.024800
1 0.370565 0.400513 0.418548 0.021095
1 0.309073 0.429732 0.295565 0.019669
1 0.167137 0.461374 0.011694 0.004276
1 0.417137 0.484036 0.511694 0.023375
1 0.393750 0.514253 0.464919 0.019954
1 0.306653 0.542902 0.290726 0.019669
1 0.300605 0.571408 0.278629 0.019669
1 0.368548 0.601767 0.414516 0.023375
1 0.365323 0.631984 0.408065 0.019954
1 0.365927 0.660775 0.409274 0.019384
1 0.390121 0.690992 0.457661 0.023375
1 0.356048 0.721351 0.389516 0.019669
1 0.369556 0.751710 0.416532 0.023375
1 0.497782 0.783780 0.672984 0.023660
1 0.174395 0.813854 0.026210 0.011403
1 0.360282 0.839367 0.397984 0.024800
1 0.344758 0.870439 0.366935 0.019669
1 0.393145 0.898945 0.463710 0.019669
1 0.324395 0.929304 0.326210 0.023375
1 0.406653 0.959664 0.490726 0.019669
