1 0.302621 0.040051 0.282661 0.019669
1 0.371371 0.068273 0.420161 0.020239
1 0.366734 0.098917 0.410887 0.023375
1 0.303226 0.128991 0.283871 0.020239
1 0.329637 0.157070 0.336694 0.021095
1 0.381653 0.188141 0.440726 0.023375
1 0.367540 0.218501 0.412500 0.019669
1 0.409879 0.248860 0.497177 0.023375
1 0.304234 0.281214 0.285887 0.023090
1 0.310282 0.311288 0.297984 0.019954
1 0.408669 0.341220 0.494758 0.024515
1 0.356452 0.372149 0.390323 0.019669
1 0.354234 0.400656 0.385887 0.019669
1 0.340524 0.429162 0.358468 0.019669
1 0.380040 0.457668 0.437500 0.019669
1 0.292742 0.486174 0.262903 0.019669
1 0.372379 0.514681 0.422177 0.019669
1 0.292137 0.543044 0.261694 0.019954
1 0.412500 0.570981 0.502419 0.021095
1 0.361694 0.602052 0.400806 0.023375
1 0.278226 0.632269 0.233871 0.019954
1 0.341935 0.660918 0.361290 0.019669
1 0.378024 0.691277 0.433468 0.023375
1 0.415121 0.721921 0.507661 0.019099
1 0.303226 0.750143 0.283871 0.019669
1 0.288911 0.778934 0.255242 0.020239
1 0.277823 0.807725 0.233065 0.019669
1 0.364315 0.838084 0.406048 0.023375
1 0.350000 0.868444 0.377419 0.019669
1 0.351411 0.896950 0.380242 0.019669
1 0.385081 0.925456 0.447581 0.019669
1 0.374194 0.953962 0.425806 0.019669
