1 0.340726 0.039909 0.358871 0.019954
1 0.306653 0.068843 0.290726 0.019099
1 0.248589 0.097064 0.174597 0.019669
1 0.336290 0.124857 0.350000 0.021095
1 0.357056 0.154076 0.391532 0.019669
1 0.309879 0.182583 0.297177 0.019669
1 0.314516 0.212942 0.306452 0.023375
1 0.416129 0.243586 0.509677 0.019099
1 0.380242 0.271807 0.437903 0.019669
1 0.365524 0.302166 0.408468 0.023375
1 0.264315 0.334379 0.206048 0.023375
1 0.327218 0.364880 0.331855 0.019384
1 0.403024 0.395097 0.483468 0.023375
1 0.379234 0.425456 0.435887 0.019669
1 0.405242 0.453250 0.487903 0.021095
1 0.364516 0.482469 0.406452 0.019669
1 0.355242 0.511117 0.387903 0.019384
1 0.297379 0.538769 0.272177 0.021095
1 0.313306 0.568273 0.304032 0.019099
1 0.397581 0.596779 0.472581 0.020239
1 0.419355 0.625713 0.516129 0.019384
1 0.322782 0.655929 0.322984 0.023375
1 0.251411 0.686146 0.180242 0.019384
1 0.395766 0.714510 0.468952 0.019669
1 0.329839 0.742303 0.337097 0.021095
1 0.317540 0.773375 0.312500 0.023375
1 0.355444 0.803734 0.388306 0.019669
1 0.433871 0.832098 0.545161 0.019954
1 0.331250 0.862600 0.339919 0.023375
1 0.229032 0.892959 0.135484 0.019669
1 0.450605 0.923176 0.578629 0.023660
1 0.413710 0.955530 0.504839 0.023375
