1 0.278427 0.070696 0.314919 0.022805
1 0.258669 0.094213 0.275403 0.019669
1 0.266129 0.116591 0.290323 0.019954
1 0.257863 0.141676 0.273790 0.022805
1 0.284073 0.165479 0.326210 0.019099
1 0.314315 0.187001 0.386694 0.019954
1 0.371774 0.212087 0.501613 0.022805
1 0.432460 0.237457 0.622984 0.023375
1 0.332258 0.296608 0.422581 0.019669
1 0.219355 0.319270 0.196774 0.019384
1 0.356452 0.341363 0.470968 0.019669
1 0.201815 0.363740 0.161694 0.019954
1 0.460887 0.388540 0.679839 0.023375
1 0.154032 0.413056 0.066129 0.010262
1 0.434879 0.426026 0.627823 0.019669
1 0.270363 0.448546 0.298790 0.019669
1 0.324597 0.471066 0.407258 0.019669
1 0.406653 0.040051 0.692339 0.019669
1 0.201210 0.268101 0.321774 0.020239
0 0.625000 0.527366 0.120968 0.085519
1 0.350202 0.496152 0.619758 0.019669
0 0.100806 0.570125 0.120968 0.085519
1 0.101008 0.622007 0.121371 0.017104
