1 0.375202 0.041762 0.427823 0.023660
1 0.300403 0.072263 0.278226 0.019669
1 0.285887 0.102623 0.249194 0.023375
1 0.425000 0.132269 0.527419 0.021095
1 0.396371 0.163198 0.470161 0.023660
1 0.406250 0.193700 0.489919 0.019669
1 0.368145 0.222206 0.413710 0.019669
1 0.204032 0.249572 0.085484 0.012828
1 0.483266 0.274658 0.643952 0.019669
1 0.400403 0.303164 0.478226 0.019669
1 0.218952 0.329675 0.115323 0.014538
1 0.485887 0.357326 0.649194 0.023660
1 0.346371 0.387828 0.370161 0.019669
1 0.370161 0.416334 0.417742 0.019669
1 0.408065 0.445981 0.493548 0.024800
1 0.231452 0.477338 0.140323 0.019099
1 0.505645 0.506984 0.688710 0.024230
1 0.309476 0.537771 0.296371 0.019669
1 0.309476 0.566277 0.296371 0.019669
1 0.265524 0.596636 0.208468 0.023375
1 0.349798 0.628848 0.377016 0.023375
1 0.279234 0.659208 0.235887 0.019669
1 0.397782 0.689567 0.472984 0.023375
1 0.343347 0.721636 0.364113 0.023660
1 0.279234 0.752138 0.235887 0.019669
1 0.397782 0.782497 0.472984 0.023375
1 0.301613 0.814709 0.280645 0.023375
1 0.389113 0.846921 0.455645 0.023375
1 0.325806 0.877281 0.329032 0.019669
1 0.350605 0.907497 0.378629 0.023660
1 0.320968 0.937999 0.319355 0.019669
1 0.343750 0.966505 0.364919 0.019669
