1 0.337500 0.040336 0.352419 0.019099
1 0.361694 0.070410 0.400806 0.023375
1 0.382460 0.102765 0.442339 0.023090
1 0.330040 0.134122 0.337500 0.024800
1 0.387298 0.164481 0.452016 0.021095
1 0.340726 0.193130 0.358871 0.020810
1 0.382863 0.222206 0.443145 0.019669
1 0.377621 0.252423 0.432661 0.023660
1 0.276411 0.284778 0.230242 0.023375
1 0.415726 0.315279 0.508871 0.019384
1 0.320565 0.345353 0.318548 0.023660
1 0.297782 0.377566 0.272984 0.023660
1 0.358669 0.408067 0.394758 0.019669
1 0.370363 0.435861 0.418145 0.021095
1 0.306653 0.464937 0.290726 0.019954
1 0.303024 0.493586 0.283468 0.019669
1 0.357056 0.523945 0.391532 0.023375
1 0.311492 0.555445 0.300403 0.024800
1 0.268347 0.588369 0.214113 0.023375
1 0.397782 0.618016 0.472984 0.021095
1 0.333669 0.646522 0.344758 0.021095
1 0.327823 0.675741 0.333065 0.019669
1 0.389315 0.706100 0.456048 0.023375
1 0.308065 0.738312 0.293548 0.023375
1 0.365323 0.768672 0.408065 0.019669
1 0.369355 0.799031 0.416129 0.023375
1 0.389516 0.831528 0.456452 0.022805
1 0.376008 0.861602 0.429435 0.019669
1 0.392944 0.891819 0.463306 0.023660
1 0.350403 0.922320 0.378226 0.019669
1 0.294355 0.952680 0.266129 0.023375
