1 0.310282 0.041904 0.297984 0.023375
1 0.410484 0.074116 0.498387 0.023375
1 0.317137 0.104475 0.311694 0.019669
1 0.367742 0.134835 0.412903 0.023375
1 0.335282 0.165479 0.347984 0.019099
1 0.299798 0.193700 0.277016 0.019669
1 0.375605 0.222206 0.428629 0.019669
1 0.167137 0.253848 0.011694 0.004276
1 0.319153 0.276511 0.315726 0.023375
1 0.368145 0.308723 0.413710 0.023375
1 0.319758 0.339225 0.316935 0.019384
1 0.364516 0.369584 0.406452 0.023090
1 0.392540 0.399800 0.462500 0.019669
1 0.317137 0.428449 0.311694 0.019384
1 0.387702 0.458666 0.452823 0.023375
1 0.399395 0.489025 0.476210 0.019669
1 0.413306 0.519384 0.504032 0.023375
1 0.335484 0.551596 0.348387 0.023375
1 0.408669 0.584094 0.494758 0.022805
1 0.377016 0.616021 0.431452 0.023375
1 0.350202 0.646380 0.377823 0.019669
1 0.407056 0.675171 0.491532 0.019099
1 0.315524 0.705245 0.308468 0.023375
1 0.296976 0.734892 0.271371 0.021095
1 0.306250 0.764396 0.289919 0.020239
1 0.362903 0.795040 0.403226 0.023375
1 0.399798 0.824686 0.477016 0.021095
1 0.280444 0.854048 0.238306 0.010262
1 0.328024 0.878136 0.333468 0.019099
1 0.347177 0.906642 0.371774 0.019099
1 0.368750 0.935148 0.414919 0.019099
1 0.336290 0.965080 0.350000 0.023660
