1 0.268145 0.068558 0.294355 0.019669
1 0.312702 0.091363 0.383468 0.019099
1 0.313911 0.113312 0.385887 0.019099
1 0.297581 0.134977 0.353226 0.019669
1 0.306048 0.159350 0.370161 0.023375
1 0.304032 0.183723 0.366129 0.019669
1 0.348387 0.208096 0.454839 0.023375
1 0.282863 0.232469 0.323790 0.019669
1 0.327016 0.296893 0.412097 0.019099
1 0.330847 0.320696 0.419758 0.022805
1 0.300000 0.344498 0.358065 0.019099
1 0.278427 0.366163 0.314919 0.019669
1 0.325605 0.388683 0.409274 0.019669
1 0.323185 0.411203 0.404435 0.019669
1 0.246774 0.433580 0.251613 0.019954
1 0.441532 0.456670 0.641129 0.020525
1 0.406653 0.040051 0.692339 0.019669
1 0.201210 0.268101 0.321774 0.020239
0 0.625000 0.527366 0.120968 0.085519
1 0.350202 0.496152 0.619758 0.019669
0 0.100806 0.570125 0.120968 0.085519
1 0.101008 0.622007 0.121371 0.017104
