1 0.317137 0.041904 0.311694 0.023375
1 0.378226 0.072263 0.433871 0.019669
1 0.200806 0.100342 0.079032 0.011403
1 0.367944 0.124857 0.413306 0.019384
1 0.369960 0.153221 0.417339 0.019669
1 0.318347 0.183723 0.314113 0.023090
1 0.359879 0.213940 0.397177 0.019669
1 0.372984 0.242446 0.423387 0.019669
1 0.307863 0.271237 0.293145 0.019099
1 0.401008 0.301311 0.479435 0.023375
1 0.260081 0.331670 0.197581 0.019669
1 0.415927 0.362030 0.509274 0.023375
1 0.305847 0.392389 0.289113 0.019669
1 0.309879 0.420895 0.297177 0.019669
1 0.354839 0.449401 0.387097 0.019669
1 0.307258 0.477765 0.291935 0.019954
1 0.311694 0.508124 0.300806 0.023660
1 0.433266 0.538483 0.543952 0.019954
1 0.375605 0.568985 0.428629 0.023375
1 0.273589 0.599059 0.224597 0.020239
1 0.395161 0.629561 0.467742 0.023660
1 0.289315 0.660205 0.256048 0.019384
1 0.303226 0.690422 0.283871 0.023375
1 0.388306 0.720639 0.454032 0.019954
1 0.347984 0.749145 0.373387 0.019954
1 0.371169 0.779647 0.419758 0.023375
1 0.258065 0.809293 0.193548 0.021095
1 0.333871 0.838512 0.345161 0.019669
1 0.337500 0.867018 0.352419 0.019669
1 0.419153 0.897377 0.515726 0.023375
1 0.262097 0.927737 0.201613 0.019669
1 0.410081 0.957383 0.497581 0.024800
