1 0.346976 0.041192 0.371371 0.024800
1 0.366129 0.074116 0.409677 0.023375
1 0.385081 0.104333 0.447581 0.019954
1 0.204637 0.132982 0.086694 0.019669
1 0.366331 0.161345 0.410081 0.019954
1 0.372782 0.189994 0.422984 0.019669
1 0.384677 0.218501 0.446774 0.019669
1 0.363306 0.246437 0.404032 0.020810
1 0.350202 0.275656 0.377823 0.020525
1 0.367540 0.304590 0.412500 0.019669
1 0.381855 0.332383 0.441129 0.021095
1 0.386492 0.360889 0.450403 0.021095
1 0.340927 0.391961 0.359274 0.023375
1 0.388306 0.422320 0.454032 0.019669
1 0.408065 0.450827 0.493548 0.019669
1 0.339516 0.481186 0.356452 0.023375
1 0.311492 0.511545 0.300403 0.019669
1 0.369960 0.539339 0.417339 0.021095
1 0.338710 0.568273 0.354839 0.020239
1 0.393145 0.596779 0.463710 0.020239
1 0.321169 0.625570 0.319758 0.019669
1 0.325403 0.655217 0.328226 0.024800
1 0.271774 0.688141 0.220968 0.023375
1 0.299395 0.720353 0.276210 0.023375
1 0.354637 0.751853 0.386694 0.024800
1 0.352823 0.782782 0.383065 0.019954
1 0.541532 0.813284 0.760484 0.023375
1 0.167137 0.846779 0.011694 0.004276
1 0.177218 0.867731 0.031855 0.010262
1 0.474597 0.891534 0.626613 0.019669
1 0.173992 0.920182 0.025403 0.010262
1 0.323992 0.943985 0.325403 0.019669
