1 0.151008 0.066705 0.060081 0.014253
1 0.380444 0.085661 0.518952 0.019669
1 0.231250 0.108181 0.220565 0.019669
1 0.297177 0.130701 0.352419 0.019669
1 0.318952 0.153221 0.395968 0.019669
1 0.325000 0.175029 0.408065 0.021095
1 0.331250 0.199401 0.420565 0.020239
1 0.310282 0.224914 0.378629 0.022805
1 0.328831 0.298461 0.415726 0.023375
1 0.264718 0.324686 0.287500 0.023375
1 0.257258 0.349059 0.272581 0.019669
1 0.335887 0.373575 0.429839 0.023090
1 0.256250 0.397805 0.270565 0.019099
1 0.310685 0.419470 0.379435 0.019669
1 0.495766 0.443130 0.749597 0.024800
1 0.301008 0.469926 0.360081 0.019099
1 0.406653 0.040051 0.692339 0.019669
1 0.201210 0.268101 0.321774 0.020239
0 0.625000 0.527366 0.120968 0.085519
1 0.350202 0.496152 0.619758 0.019669
0 0.100806 0.570125 0.120968 0.085519
1 0.101008 0.622007 0.121371 0.017104
