1 0.358871 0.040051 0.395161 0.019669
1 0.347581 0.068558 0.372581 0.019669
1 0.370766 0.097064 0.418952 0.019669
1 0.358266 0.125570 0.393952 0.019669
1 0.352419 0.154076 0.382258 0.019669
1 0.370766 0.182583 0.418952 0.019669
1 0.391532 0.211089 0.460484 0.019669
1 0.380040 0.239595 0.437500 0.019669
1 0.398992 0.268101 0.475403 0.019669
1 0.395766 0.296608 0.468952 0.019669
1 0.347379 0.324971 0.372177 0.019954
1 0.305847 0.353905 0.289113 0.019099
1 0.347581 0.382127 0.372581 0.019669
1 0.295161 0.410490 0.267742 0.019384
1 0.333871 0.440707 0.345161 0.023375
1 0.342137 0.470353 0.361694 0.021095
1 0.353024 0.499857 0.383468 0.019099
1 0.390524 0.527509 0.458468 0.020810
1 0.353831 0.555872 0.385081 0.021095
1 0.367339 0.586944 0.412097 0.023375
1 0.174395 0.616876 0.026210 0.011403
1 0.262500 0.641249 0.202419 0.019669
1 0.498790 0.671750 0.675000 0.023090
1 0.404435 0.701254 0.486290 0.021095
1 0.388911 0.731613 0.455242 0.024800
1 0.430444 0.764538 0.538306 0.023375
1 0.302621 0.794897 0.282661 0.019669
1 0.342540 0.823689 0.362500 0.019099
1 0.337903 0.851197 0.353226 0.021095
1 0.397379 0.882269 0.472177 0.023375
1 0.390927 0.912628 0.459274 0.019669
1 0.284879 0.941135 0.247177 0.019669
