1 0.302016 0.068558 0.362097 0.019669
1 0.215927 0.090935 0.189919 0.019954
1 0.270363 0.115735 0.298790 0.023375
1 0.287702 0.141391 0.333468 0.024515
1 0.330040 0.169327 0.418145 0.023375
1 0.314718 0.193700 0.387500 0.019669
1 0.351210 0.216220 0.460484 0.019669
1 0.226008 0.238740 0.210081 0.019669
1 0.335685 0.295895 0.429435 0.021095
1 0.342137 0.321693 0.442339 0.024800
1 0.354637 0.349344 0.467339 0.024800
1 0.334274 0.375855 0.426613 0.019669
1 0.300000 0.398375 0.358065 0.019669
1 0.337500 0.422748 0.433065 0.023375
1 0.277016 0.449259 0.312097 0.022805
1 0.330040 0.472777 0.418145 0.019669
1 0.406653 0.040051 0.692339 0.019669
1 0.201210 0.268101 0.321774 0.020239
0 0.625000 0.527366 0.120968 0.085519
1 0.350202 0.496152 0.619758 0.019669
0 0.100806 0.570125 0.120968 0.085519
1 0.101008 0.622007 0.121371 0.017104
