1 0.274395 0.039909 0.226210 0.019954
1 0.323790 0.070696 0.325000 0.022805
1 0.341734 0.102623 0.360887 0.023375
1 0.391532 0.132269 0.460484 0.021095
1 0.342944 0.161488 0.363306 0.019669
1 0.317339 0.191847 0.312097 0.023375
1 0.299395 0.224059 0.276210 0.023375
1 0.294153 0.256271 0.265726 0.023375
1 0.356048 0.286631 0.389516 0.019669
1 0.457661 0.314994 0.592742 0.019954
1 0.344758 0.343643 0.366935 0.019669
1 0.337097 0.372149 0.351613 0.019669
1 0.322581 0.400513 0.322581 0.019954
1 0.292540 0.429162 0.262500 0.019669
1 0.346573 0.457526 0.370565 0.019954
1 0.335685 0.486174 0.348790 0.019669
1 0.272581 0.516534 0.222581 0.023375
1 0.373589 0.546750 0.424597 0.019954
1 0.409073 0.575684 0.495565 0.019099
1 0.364718 0.605758 0.406855 0.023375
1 0.484879 0.635405 0.647177 0.021095
1 0.421976 0.663911 0.521371 0.021095
1 0.346371 0.692417 0.370161 0.021095
1 0.334476 0.721636 0.346371 0.019669
1 0.457258 0.751283 0.591935 0.024800
1 0.329637 0.784208 0.336694 0.023375
1 0.409476 0.814709 0.496371 0.019384
1 0.422177 0.843216 0.521774 0.019384
1 0.399194 0.871579 0.475806 0.019669
1 0.381250 0.901938 0.439919 0.023375
1 0.231250 0.932298 0.139919 0.019669
1 0.361290 0.960234 0.400000 0.020810
