1 0.384274 0.040336 0.445968 0.019099
1 0.378226 0.070410 0.433871 0.023375
1 0.358669 0.100770 0.394758 0.019669
1 0.353629 0.131129 0.384677 0.023375
1 0.360685 0.163341 0.398790 0.023375
1 0.408468 0.195553 0.494355 0.023375
1 0.377218 0.226197 0.431855 0.019099
1 0.343145 0.254276 0.363710 0.019954
1 0.370363 0.283067 0.418145 0.019384
1 0.326411 0.311431 0.330242 0.019669
1 0.458065 0.339367 0.593548 0.020810
1 0.297581 0.368301 0.272581 0.019954
1 0.349395 0.396807 0.376210 0.019954
1 0.391532 0.425741 0.460484 0.019099
1 0.381048 0.453962 0.439516 0.019669
1 0.392944 0.482469 0.463306 0.019669
1 0.392742 0.510975 0.462903 0.019669
1 0.319556 0.541619 0.316532 0.022805
1 0.395968 0.571693 0.469355 0.019669
1 0.357258 0.599629 0.391935 0.020810
1 0.409476 0.628706 0.496371 0.019669
1 0.321573 0.656499 0.320565 0.021095
1 0.343548 0.685718 0.364516 0.019669
1 0.343548 0.715935 0.364516 0.023660
1 0.275605 0.748432 0.228629 0.023090
1 0.468145 0.778649 0.613710 0.019669
1 0.374597 0.809008 0.426613 0.023375
1 0.350605 0.839367 0.378629 0.019669
1 0.391532 0.867731 0.460484 0.019954
1 0.334879 0.898233 0.347177 0.023375
1 0.301210 0.928592 0.279839 0.019669
1 0.317944 0.956528 0.313306 0.020810
