1 0.311290 0.070410 0.380645 0.023375
1 0.343347 0.094783 0.444758 0.019669
1 0.225403 0.117303 0.208871 0.019669
1 0.320565 0.139823 0.399194 0.019669
1 0.500806 0.162343 0.759677 0.019669
1 0.154234 0.185291 0.066532 0.018814
1 0.470766 0.208381 0.699597 0.023375
1 0.267137 0.232754 0.292339 0.019669
1 0.300605 0.296608 0.359274 0.019669
1 0.320161 0.320981 0.398387 0.023375
1 0.300605 0.345353 0.359274 0.019669
1 0.347177 0.367873 0.452419 0.019669
1 0.340726 0.390251 0.439516 0.019954
1 0.291734 0.412628 0.341532 0.020810
1 0.319153 0.437999 0.396371 0.024800
1 0.278427 0.464510 0.314919 0.019669
1 0.406653 0.040051 0.692339 0.019669
1 0.201210 0.268101 0.321774 0.020239
0 0.625000 0.527366 0.120968 0.085519
1 0.350202 0.496152 0.619758 0.019669
0 0.100806 0.570125 0.120968 0.085519
1 0.101008 0.622007 0.121371 0.017104
