1 0.340524 0.041904 0.358468 0.023375
1 0.329435 0.072406 0.336290 0.019384
1 0.431250 0.100912 0.539919 0.019384
1 0.400403 0.131271 0.478226 0.023090
1 0.263911 0.161631 0.205242 0.019384
1 0.399194 0.189994 0.475806 0.019669
1 0.343145 0.220496 0.363710 0.023090
1 0.355444 0.250713 0.388306 0.019669
1 0.424194 0.279219 0.525806 0.019669
1 0.359677 0.307868 0.396774 0.019384
1 0.350806 0.336659 0.379032 0.019954
1 0.388105 0.365593 0.453629 0.020239
1 0.259677 0.394954 0.196774 0.019669
1 0.451210 0.425456 0.579839 0.023090
1 0.334879 0.455815 0.347177 0.019384
1 0.368548 0.486460 0.414516 0.022520
1 0.274597 0.516249 0.226613 0.019954
1 0.401411 0.546608 0.480242 0.023660
1 0.412500 0.579105 0.502419 0.023090
1 0.336492 0.609322 0.350403 0.019669
1 0.341935 0.637828 0.361290 0.019669
1 0.554435 0.668187 0.786290 0.023375
1 0.341935 0.698546 0.361290 0.019669
1 0.345363 0.726910 0.368145 0.019954
1 0.396774 0.755559 0.470968 0.019669
1 0.363105 0.785775 0.403629 0.023660
1 0.276411 0.816277 0.230242 0.019669
1 0.167137 0.847919 0.011694 0.004276
1 0.288508 0.868016 0.254435 0.021095
1 0.345161 0.897235 0.367742 0.019669
1 0.247782 0.923318 0.172984 0.015393
1 0.593548 0.951539 0.864516 0.023375
