1 0.521774 0.041762 0.720968 0.023660
1 0.293347 0.072548 0.264113 0.019099
1 0.389315 0.102623 0.456048 0.023375
1 0.356048 0.132412 0.389516 0.020810
1 0.321371 0.161488 0.320161 0.019669
1 0.289315 0.191135 0.256048 0.024800
1 0.357460 0.222206 0.392339 0.019669
1 0.519758 0.252566 0.716935 0.023375
1 0.345968 0.282212 0.369355 0.021095
1 0.254637 0.311431 0.186694 0.019669
1 0.423387 0.342075 0.524194 0.022805
1 0.382863 0.372149 0.443145 0.019669
1 0.361290 0.402794 0.400000 0.022805
1 0.364919 0.433153 0.407258 0.019099
1 0.314315 0.463655 0.306048 0.022520
1 0.344758 0.495439 0.366935 0.023375
1 0.330242 0.525798 0.337903 0.019669
1 0.390121 0.554304 0.457661 0.019669
1 0.378427 0.582098 0.434274 0.021095
1 0.395968 0.610604 0.469355 0.021095
1 0.374194 0.640964 0.425806 0.024800
1 0.302016 0.672320 0.281452 0.019099
1 0.369758 0.702395 0.416935 0.023375
1 0.333065 0.734607 0.343548 0.023375
1 0.279839 0.764253 0.237097 0.021095
1 0.174395 0.793044 0.026210 0.011403
1 0.341935 0.819270 0.361290 0.023375
1 0.389919 0.849629 0.457258 0.019669
1 0.414718 0.878136 0.506855 0.019669
1 0.322581 0.908637 0.322581 0.023090
1 0.428831 0.938854 0.535081 0.019669
