1 0.412097 0.041192 0.501613 0.024800
1 0.267540 0.072263 0.212500 0.019669
1 0.358669 0.100770 0.394758 0.019669
1 0.357056 0.129276 0.391532 0.019669
1 0.409677 0.157925 0.496774 0.019384
1 0.327823 0.188141 0.333065 0.023375
1 0.255242 0.218786 0.187903 0.019099
1 0.368145 0.247007 0.413710 0.019669
1 0.286492 0.277794 0.250403 0.022520
1 0.320766 0.309578 0.318952 0.023375
1 0.386694 0.341790 0.450806 0.023375
1 0.325000 0.372149 0.327419 0.019669
1 0.300000 0.400941 0.277419 0.019099
1 0.377218 0.429019 0.431855 0.019954
1 0.390927 0.457811 0.459274 0.019384
1 0.282258 0.486174 0.241935 0.019669
1 0.334476 0.516534 0.346371 0.023375
1 0.403226 0.548746 0.483871 0.023375
1 0.301815 0.580958 0.281048 0.023375
1 0.346169 0.613170 0.369758 0.023375
1 0.352419 0.642816 0.382258 0.021095
1 0.427218 0.672178 0.531855 0.019384
1 0.352419 0.700542 0.382258 0.019669
1 0.361290 0.728905 0.400000 0.019954
1 0.349798 0.758694 0.377016 0.024800
1 0.340927 0.789766 0.359274 0.019669
1 0.351613 0.819413 0.380645 0.024800
1 0.356452 0.850485 0.390323 0.019669
1 0.324395 0.878991 0.326210 0.019669
1 0.400202 0.907497 0.477823 0.019669
1 0.350605 0.937856 0.378629 0.023375
