1 0.323185 0.040336 0.323790 0.019099
1 0.394153 0.070410 0.465726 0.023375
1 0.413105 0.100770 0.503629 0.019669
1 0.258468 0.131129 0.194355 0.023375
1 0.367944 0.163341 0.413306 0.023375
1 0.278831 0.193700 0.235081 0.019669
1 0.289718 0.222206 0.256855 0.019669
1 0.411089 0.250998 0.499597 0.019099
1 0.292944 0.279504 0.263306 0.019099
1 0.349597 0.309578 0.376613 0.023375
1 0.367742 0.341790 0.412903 0.023375
1 0.346976 0.372149 0.371371 0.019669
1 0.419355 0.402509 0.516129 0.023375
1 0.385685 0.432583 0.448790 0.020239
1 0.357258 0.461374 0.391935 0.019669
1 0.468952 0.489880 0.615323 0.019669
1 0.380444 0.518387 0.438306 0.019669
1 0.200605 0.544755 0.078629 0.014823
1 0.375605 0.571978 0.428629 0.024800
1 0.314919 0.604903 0.307258 0.023375
1 0.297581 0.635262 0.272581 0.019669
1 0.364315 0.663769 0.406048 0.019669
1 0.338911 0.694128 0.355242 0.023375
1 0.390927 0.726340 0.459274 0.023375
1 0.311694 0.757127 0.300806 0.019954
1 0.251613 0.785775 0.180645 0.019669
1 0.351008 0.816135 0.379435 0.023375
1 0.295766 0.846494 0.268952 0.019669
1 0.477419 0.875000 0.632258 0.019669
1 0.364315 0.903364 0.406048 0.019954
1 0.334476 0.932013 0.346371 0.019669
1 0.228831 0.960519 0.135081 0.019669
