1 0.423185 0.040051 0.523790 0.019669
1 0.471976 0.068558 0.621371 0.019669
1 0.289718 0.098917 0.256855 0.023375
1 0.398589 0.129276 0.474597 0.019669
1 0.270363 0.157782 0.218145 0.019669
1 0.409677 0.186288 0.496774 0.019669
1 0.358468 0.216505 0.394355 0.023660
1 0.228226 0.247292 0.133871 0.019099
1 0.395161 0.275513 0.467742 0.019669
1 0.350000 0.303877 0.377419 0.019954
1 0.275403 0.334664 0.228226 0.022805
1 0.396774 0.364168 0.470968 0.020810
1 0.248992 0.393101 0.175403 0.019954
1 0.379234 0.421608 0.435887 0.019954
1 0.369758 0.451539 0.416935 0.024515
1 0.306048 0.484322 0.289516 0.023375
1 0.333669 0.514681 0.344758 0.019669
1 0.368347 0.545040 0.414113 0.023375
1 0.397782 0.574686 0.472984 0.021095
1 0.387702 0.605046 0.452823 0.024800
1 0.358266 0.635405 0.393952 0.021095
1 0.357460 0.664624 0.392339 0.019669
1 0.356048 0.695125 0.389516 0.023090
1 0.359274 0.725342 0.395968 0.019669
1 0.318548 0.753706 0.314516 0.019954
1 0.440726 0.783495 0.558871 0.024800
1 0.393952 0.816420 0.465323 0.023375
1 0.385484 0.847064 0.448387 0.019099
1 0.167137 0.878421 0.011694 0.004276
1 0.425806 0.898660 0.529032 0.020810
1 0.410282 0.927737 0.497984 0.019669
1 0.409677 0.956243 0.496774 0.019669
