1 0.368347 0.041904 0.414113 0.023375
1 0.248185 0.074401 0.173790 0.022805
1 0.399597 0.103763 0.476613 0.021095
1 0.331855 0.134835 0.341129 0.023375
1 0.296169 0.165194 0.269758 0.019669
1 0.357056 0.195553 0.391532 0.023375
1 0.318750 0.227052 0.314919 0.024800
1 0.309274 0.259977 0.295968 0.023375
1 0.299194 0.291477 0.275806 0.024800
1 0.266331 0.322406 0.210081 0.019954
1 0.394153 0.350912 0.465726 0.019954
1 0.316734 0.379561 0.310887 0.019669
1 0.477621 0.409208 0.632661 0.024800
1 0.453427 0.440279 0.584274 0.019669
1 0.275806 0.468643 0.229032 0.019384
1 0.482258 0.498575 0.641935 0.023945
1 0.324798 0.529361 0.327016 0.019384
1 0.349597 0.557013 0.376613 0.021095
1 0.351411 0.588084 0.380242 0.023375
1 0.453024 0.620296 0.583468 0.023375
1 0.492540 0.652509 0.662500 0.023375
1 0.328831 0.682868 0.335081 0.019669
1 0.326008 0.712942 0.329435 0.023945
1 0.289516 0.743444 0.256452 0.019954
1 0.329032 0.772092 0.335484 0.019669
1 0.405645 0.799886 0.488710 0.021095
1 0.393750 0.829105 0.464919 0.019669
1 0.365927 0.857896 0.409274 0.019099
1 0.363105 0.886117 0.403629 0.019669
1 0.390323 0.916477 0.458065 0.023375
1 0.257661 0.946836 0.192742 0.019669
