1 0.373387 0.041762 0.424194 0.023660
1 0.374798 0.074401 0.427016 0.016534
1 0.256452 0.101340 0.190323 0.019669
1 0.404839 0.131699 0.487097 0.023375
1 0.385887 0.163911 0.449194 0.023375
1 0.330040 0.194413 0.337500 0.019384
1 0.493548 0.224629 0.664516 0.023375
1 0.187097 0.255131 0.051613 0.010262
1 0.432661 0.278221 0.542742 0.021095
1 0.358065 0.307440 0.393548 0.019669
1 0.401613 0.335946 0.480645 0.019669
1 0.389315 0.364453 0.456048 0.019669
1 0.248387 0.393101 0.174194 0.019384
1 0.364919 0.421750 0.407258 0.019099
1 0.416935 0.451824 0.511290 0.023375
1 0.393952 0.484036 0.465323 0.023375
1 0.345161 0.516249 0.367742 0.023375
1 0.415323 0.548461 0.508065 0.023375
1 0.401008 0.578820 0.479435 0.019669
1 0.391935 0.609179 0.461290 0.023375
1 0.391331 0.639681 0.460081 0.019384
1 0.402419 0.669897 0.482258 0.023375
1 0.358871 0.700257 0.395161 0.019669
1 0.340121 0.728763 0.357661 0.019669
1 0.350202 0.757412 0.377823 0.018814
1 0.407460 0.784778 0.492339 0.021095
1 0.332258 0.813426 0.341935 0.020810
1 0.351210 0.843643 0.379839 0.024800
1 0.319556 0.874715 0.316532 0.019669
1 0.384073 0.903221 0.445565 0.019669
1 0.295968 0.933580 0.269355 0.023375
1 0.361895 0.963369 0.401210 0.020810
