1 0.303226 0.041904 0.283871 0.023375
1 0.375403 0.072263 0.428226 0.019669
1 0.387903 0.102480 0.453226 0.023660
1 0.349798 0.133124 0.377016 0.019384
1 0.290524 0.161488 0.258468 0.019669
1 0.372379 0.189994 0.422177 0.019669
1 0.334677 0.220353 0.346774 0.023375
1 0.330847 0.250713 0.339113 0.019669
1 0.522984 0.281072 0.723387 0.023375
1 0.600605 0.312571 0.878629 0.024800
1 0.337500 0.343643 0.352419 0.019669
1 0.292742 0.374002 0.262903 0.023375
1 0.357056 0.404361 0.391532 0.019669
1 0.353427 0.434578 0.384274 0.023660
1 0.349597 0.466220 0.376613 0.024800
1 0.251815 0.497292 0.181048 0.019669
1 0.377218 0.525798 0.431855 0.019669
1 0.239315 0.554162 0.156048 0.019954
1 0.388306 0.582668 0.454032 0.019954
1 0.457258 0.611317 0.591935 0.019669
1 0.375806 0.639823 0.429032 0.019669
1 0.252016 0.670182 0.181452 0.023375
1 0.514919 0.700542 0.707258 0.019669
1 0.197379 0.726767 0.072177 0.015108
1 0.439315 0.754846 0.556048 0.023375
1 0.367540 0.785205 0.412500 0.019669
1 0.217742 0.813997 0.112903 0.019099
1 0.370565 0.844071 0.418548 0.023375
1 0.385484 0.874430 0.448387 0.019669
1 0.261895 0.903221 0.201210 0.020239
1 0.395565 0.932013 0.468548 0.019669
1 0.240726 0.960661 0.158871 0.019384
