1 0.302823 0.040051 0.283065 0.019669
1 0.272177 0.068558 0.221774 0.019669
1 0.436089 0.096921 0.549597 0.019954
1 0.345363 0.124857 0.368145 0.021095
1 0.354234 0.155217 0.385887 0.024800
1 0.408468 0.186288 0.494355 0.019669
1 0.411694 0.214082 0.500806 0.021095
1 0.190323 0.241163 0.058065 0.014823
1 0.446976 0.269099 0.571371 0.023375
1 0.396371 0.298746 0.470161 0.021095
1 0.339113 0.327965 0.355645 0.019669
1 0.330645 0.356471 0.338710 0.019669
1 0.270161 0.386830 0.217742 0.023375
1 0.380040 0.419042 0.437500 0.023375
1 0.359476 0.449401 0.396371 0.019669
1 0.372984 0.477908 0.423387 0.019669
1 0.385081 0.506414 0.447581 0.019669
1 0.343145 0.535205 0.363710 0.019099
1 0.367540 0.565279 0.412500 0.023375
1 0.211895 0.595211 0.101210 0.011403
1 0.440927 0.621437 0.559274 0.023375
1 0.254032 0.652081 0.185484 0.019099
1 0.303024 0.682155 0.283468 0.023375
1 0.376008 0.712514 0.429435 0.019669
1 0.347581 0.741163 0.372581 0.019384
1 0.373992 0.768957 0.425403 0.020810
1 0.347581 0.799173 0.372581 0.024800
1 0.339315 0.831385 0.356048 0.024800
1 0.402419 0.862457 0.482258 0.019669
1 0.384073 0.890964 0.445565 0.019669
1 0.345968 0.918900 0.369355 0.020810
1 0.248185 0.949259 0.173790 0.024515
