1 0.436694 0.041192 0.550806 0.024800
1 0.414516 0.071551 0.506452 0.021095
1 0.502419 0.102623 0.682258 0.023375
1 0.347177 0.132982 0.371774 0.019669
1 0.342742 0.162628 0.362903 0.024800
1 0.347379 0.193700 0.372177 0.019669
1 0.419153 0.222206 0.515726 0.019669
1 0.556250 0.252566 0.789919 0.023375
1 0.414516 0.282925 0.506452 0.019669
1 0.386694 0.313284 0.450806 0.023375
1 0.372379 0.343643 0.422177 0.019669
1 0.382863 0.372149 0.443145 0.019669
1 0.341331 0.400656 0.360081 0.019669
1 0.174395 0.428734 0.026210 0.011403
1 0.379234 0.453107 0.435887 0.019669
1 0.363710 0.483466 0.404839 0.023375
1 0.387097 0.513826 0.451613 0.019669
1 0.355242 0.542332 0.387903 0.019669
1 0.398185 0.572691 0.473790 0.023375
1 0.285484 0.603193 0.248387 0.019384
1 0.406452 0.631556 0.490323 0.019669
1 0.376210 0.661916 0.429839 0.023375
1 0.354637 0.692132 0.386694 0.019954
1 0.275605 0.720639 0.228629 0.019384
1 0.174395 0.748575 0.026210 0.011403
1 0.241734 0.773233 0.160887 0.019099
1 0.167137 0.804590 0.011694 0.004276
1 0.362097 0.825399 0.401613 0.019669
1 0.289113 0.853193 0.255645 0.021095
1 0.481452 0.884265 0.640323 0.023375
1 0.354234 0.916477 0.385887 0.023375
1 0.351210 0.948974 0.379839 0.022805
