1 0.355242 0.039339 0.387903 0.021095
1 0.344758 0.068558 0.366935 0.019669
1 0.382258 0.097064 0.441935 0.019669
1 0.376210 0.127423 0.429839 0.023375
1 0.387298 0.159635 0.452016 0.023375
1 0.394355 0.189994 0.466129 0.019669
1 0.227016 0.218501 0.131452 0.019669
1 0.394355 0.247007 0.466129 0.019669
1 0.367944 0.277366 0.413306 0.023375
1 0.356048 0.308865 0.389516 0.024800
1 0.348387 0.339937 0.374194 0.019669
1 0.312903 0.368016 0.303226 0.020525
1 0.394556 0.396237 0.466532 0.021095
1 0.330645 0.425456 0.338710 0.019669
1 0.384879 0.454247 0.447177 0.020239
1 0.281855 0.482896 0.241129 0.019954
1 0.380847 0.510832 0.439113 0.021095
1 0.309073 0.541192 0.295565 0.024800
1 0.367339 0.573404 0.412097 0.024800
1 0.266129 0.606328 0.209677 0.023375
1 0.380847 0.637828 0.439113 0.024800
1 0.340726 0.670753 0.358871 0.023375
1 0.343548 0.701112 0.364516 0.019669
1 0.392339 0.729618 0.462097 0.019669
1 0.363508 0.757412 0.404435 0.021095
1 0.398589 0.788483 0.474597 0.023375
1 0.399395 0.818843 0.476210 0.019669
1 0.316935 0.847349 0.311290 0.019669
1 0.251210 0.875855 0.179839 0.019669
1 0.351008 0.906214 0.379435 0.023375
1 0.300403 0.936574 0.278226 0.019669
1 0.302621 0.965080 0.282661 0.019669
