1 0.254839 0.040194 0.187097 0.019384
1 0.460887 0.070410 0.599194 0.023375
1 0.315323 0.102623 0.308065 0.023375
1 0.321976 0.132982 0.321371 0.019669
1 0.495565 0.161631 0.668548 0.019384
1 0.246774 0.190279 0.170968 0.019099
1 0.411694 0.220353 0.500806 0.023375
1 0.326210 0.251853 0.329839 0.024800
1 0.357056 0.284778 0.391532 0.023375
1 0.385887 0.315137 0.449194 0.019669
1 0.369960 0.344783 0.417339 0.024800
1 0.336895 0.375855 0.351210 0.019669
1 0.289718 0.404361 0.256855 0.019669
1 0.441129 0.432868 0.559677 0.019669
1 0.355040 0.461374 0.387500 0.019669
1 0.396371 0.489168 0.470161 0.021095
1 0.386895 0.518387 0.451210 0.019669
1 0.330242 0.549031 0.337903 0.022805
1 0.296169 0.580958 0.269758 0.023375
1 0.263105 0.611174 0.203629 0.019954
1 0.351210 0.639111 0.379839 0.021095
1 0.320363 0.668615 0.318145 0.019099
1 0.362298 0.698119 0.402016 0.024515
1 0.279839 0.726767 0.237097 0.015108
1 0.338306 0.752993 0.354032 0.019669
1 0.345766 0.781499 0.368952 0.019669
1 0.327218 0.809436 0.331855 0.020810
1 0.265121 0.838369 0.207661 0.019954
1 0.349597 0.867018 0.376613 0.019669
1 0.333266 0.895382 0.343952 0.019954
1 0.363710 0.925884 0.404839 0.023375
1 0.405847 0.956243 0.489113 0.019669
