1 0.372984 0.041904 0.423387 0.023375
1 0.393145 0.072263 0.463710 0.019669
1 0.392137 0.100770 0.461694 0.019669
1 0.308266 0.129276 0.293952 0.019669
1 0.321976 0.157782 0.321371 0.019669
1 0.371976 0.186288 0.421371 0.019669
1 0.330645 0.215080 0.338710 0.019099
1 0.347581 0.244584 0.372581 0.024515
1 0.408669 0.274800 0.494758 0.021095
1 0.392137 0.304019 0.461694 0.019669
1 0.244556 0.332668 0.166532 0.019384
1 0.303226 0.362885 0.283871 0.023375
1 0.285685 0.392959 0.248790 0.020239
1 0.313508 0.421750 0.304435 0.019669
1 0.305242 0.449544 0.287903 0.021095
1 0.330242 0.479903 0.337903 0.024800
1 0.359879 0.510975 0.397177 0.019669
1 0.300403 0.539481 0.278226 0.019669
1 0.355645 0.567987 0.388710 0.019669
1 0.351210 0.596494 0.379839 0.019669
1 0.351613 0.625428 0.380645 0.018814
1 0.173992 0.653649 0.025403 0.010262
1 0.495161 0.676739 0.667742 0.021095
1 0.361089 0.705245 0.399597 0.021095
1 0.512903 0.736317 0.703226 0.023375
1 0.348992 0.767816 0.375403 0.024800
1 0.446976 0.800741 0.571371 0.023375
1 0.362702 0.830388 0.402823 0.021095
1 0.299597 0.859892 0.276613 0.020239
1 0.593347 0.890536 0.864113 0.023375
1 0.388508 0.921038 0.454435 0.019384
1 0.381855 0.951254 0.441129 0.023375
