1 0.293347 0.040336 0.264113 0.019099
1 0.524597 0.069698 0.726613 0.024800
1 0.362097 0.102623 0.401613 0.023375
1 0.369153 0.132982 0.415726 0.019669
1 0.377419 0.160775 0.432258 0.021095
1 0.298992 0.192132 0.275403 0.022805
1 0.380645 0.224059 0.438710 0.023375
1 0.383871 0.256271 0.445161 0.023375
1 0.199597 0.285918 0.076613 0.011973
1 0.482661 0.311716 0.642742 0.024800
1 0.326008 0.342788 0.329435 0.019669
1 0.506653 0.372434 0.690726 0.024800
1 0.320766 0.405359 0.318952 0.023375
1 0.412298 0.436859 0.502016 0.024800
1 0.403629 0.469783 0.484677 0.023375
1 0.299194 0.500143 0.275806 0.019669
1 0.436089 0.530502 0.549597 0.023375
1 0.387903 0.560861 0.453226 0.019669
1 0.374395 0.589510 0.426210 0.019384
1 0.227016 0.617161 0.131452 0.021095
1 0.533468 0.646380 0.744355 0.019669
1 0.275000 0.676739 0.227419 0.023375
1 0.371573 0.707241 0.420565 0.019384
1 0.365121 0.735462 0.407661 0.019954
1 0.311290 0.764111 0.300000 0.019669
1 0.374798 0.794470 0.427016 0.023375
1 0.348589 0.824829 0.374597 0.019669
1 0.303831 0.853193 0.285081 0.019954
1 0.381855 0.883694 0.441129 0.023375
1 0.331452 0.913911 0.340323 0.019954
1 0.359073 0.942845 0.395565 0.019099
