1 0.399194 0.041762 0.475806 0.023660
1 0.396371 0.074116 0.470161 0.023375
1 0.304839 0.106328 0.287097 0.023375
1 0.258871 0.136688 0.195161 0.019669
1 0.391734 0.166904 0.460887 0.023660
1 0.365121 0.199259 0.407661 0.023375
1 0.355242 0.229618 0.387903 0.019669
1 0.357661 0.258124 0.392742 0.019669
1 0.408468 0.286631 0.494355 0.019669
1 0.250403 0.315279 0.178226 0.019384
1 0.167137 0.346779 0.011694 0.004276
1 0.368145 0.369441 0.413710 0.023375
1 0.341129 0.400086 0.359677 0.019099
1 0.376613 0.428449 0.430645 0.019384
1 0.369960 0.458666 0.417339 0.023375
1 0.290927 0.489025 0.259274 0.019669
1 0.341935 0.517531 0.361290 0.019669
1 0.420766 0.546038 0.518952 0.019669
1 0.378226 0.574829 0.433871 0.019099
1 0.223387 0.603478 0.124194 0.018814
1 0.410887 0.633552 0.499194 0.023090
1 0.167137 0.666904 0.011694 0.004276
1 0.555444 0.687999 0.788306 0.020239
1 0.288508 0.716790 0.254435 0.019669
1 0.377016 0.747149 0.431452 0.023375
1 0.404435 0.777509 0.486290 0.019669
1 0.366734 0.807868 0.410887 0.023375
1 0.211895 0.838369 0.101210 0.010262
1 0.487903 0.863312 0.653226 0.024800
1 0.370565 0.894384 0.418548 0.019669
1 0.310685 0.922891 0.298790 0.019669
1 0.405242 0.951397 0.487903 0.019669
