1 0.416129 0.041904 0.509677 0.023375
1 0.402419 0.072263 0.482258 0.019669
1 0.393347 0.100770 0.464113 0.019669
1 0.378024 0.129276 0.433468 0.019669
1 0.327218 0.157640 0.331855 0.019954
1 0.424194 0.186288 0.525806 0.019669
1 0.261895 0.214082 0.201210 0.011973
1 0.339718 0.240878 0.356855 0.022805
1 0.390726 0.270810 0.458871 0.019954
1 0.294153 0.298746 0.265726 0.021095
1 0.407056 0.327965 0.491532 0.019669
1 0.404435 0.355758 0.486290 0.021095
1 0.329637 0.384265 0.336694 0.021095
1 0.420766 0.413341 0.518952 0.019954
1 0.498992 0.441277 0.675403 0.021095
1 0.295968 0.470353 0.269355 0.019954
1 0.271371 0.500855 0.220161 0.023375
1 0.555847 0.533067 0.789113 0.023375
1 0.316734 0.563712 0.310887 0.019099
1 0.391129 0.591220 0.459677 0.021095
1 0.361895 0.620439 0.401210 0.019669
1 0.336492 0.648945 0.350403 0.019669
1 0.379435 0.679304 0.436290 0.023375
1 0.372581 0.709664 0.422581 0.019669
1 0.370565 0.740023 0.418548 0.023375
1 0.413508 0.771950 0.504435 0.016534
1 0.339718 0.801026 0.356855 0.022805
1 0.328427 0.831100 0.334274 0.019669
1 0.336694 0.859607 0.350806 0.019669
1 0.368548 0.889966 0.414516 0.023375
1 0.382661 0.920325 0.442742 0.019669
1 0.365524 0.948831 0.408468 0.019669
