1 0.316331 0.040051 0.310081 0.019669
1 0.457258 0.068558 0.591935 0.019669
1 0.264718 0.097777 0.206855 0.019384
1 0.403629 0.126140 0.484677 0.019669
1 0.388105 0.154932 0.453629 0.019099
1 0.393145 0.183153 0.463710 0.019669
1 0.196976 0.211517 0.071371 0.019954
1 0.409476 0.240165 0.496371 0.019669
1 0.231250 0.268672 0.139919 0.019669
1 0.385484 0.297178 0.448387 0.019669
1 0.198185 0.327537 0.073790 0.015964
1 0.167137 0.357326 0.011694 0.004276
1 0.371573 0.378278 0.420565 0.019384
1 0.263911 0.408352 0.205242 0.023660
1 0.354637 0.438854 0.386694 0.019669
1 0.421573 0.466648 0.520565 0.021095
1 0.271371 0.495867 0.220161 0.019669
1 0.391129 0.523660 0.459677 0.021095
1 0.189919 0.552452 0.057258 0.011403
1 0.386492 0.578677 0.450403 0.023375
1 0.359274 0.610889 0.395968 0.023375
1 0.311895 0.641534 0.301210 0.019099
1 0.323992 0.671893 0.325403 0.022805
1 0.329032 0.701967 0.335484 0.019669
1 0.281855 0.730473 0.241129 0.019669
1 0.378629 0.758979 0.434677 0.019669
1 0.408871 0.787628 0.495161 0.019384
1 0.371169 0.816420 0.419758 0.019954
1 0.354839 0.844356 0.387097 0.021095
1 0.336492 0.875428 0.350403 0.023375
1 0.354435 0.905644 0.386290 0.019954
1 0.343750 0.934293 0.364919 0.019669
1 0.363710 0.964652 0.404839 0.023375
