1 0.289718 0.040051 0.256855 0.019669
1 0.364113 0.070268 0.405645 0.023660
1 0.375000 0.100770 0.427419 0.019669
1 0.321371 0.129418 0.320161 0.019384
1 0.385685 0.159920 0.448790 0.022805
1 0.371976 0.189709 0.421371 0.020239
1 0.432460 0.220496 0.542339 0.023090
1 0.342137 0.250713 0.361694 0.019669
1 0.313508 0.281072 0.304435 0.023375
1 0.339718 0.313284 0.356855 0.023375
1 0.294960 0.345496 0.267339 0.023375
1 0.496573 0.377708 0.670565 0.023375
1 0.399395 0.408067 0.476210 0.019669
1 0.368548 0.438426 0.414516 0.023375
1 0.388508 0.469071 0.454435 0.019099
1 0.381452 0.497434 0.440323 0.019384
1 0.318548 0.525798 0.314516 0.019669
1 0.348790 0.554304 0.375000 0.019669
1 0.535484 0.584664 0.748387 0.023375
1 0.347984 0.615165 0.373387 0.018814
1 0.367137 0.643529 0.411694 0.020239
1 0.338105 0.672035 0.353629 0.020239
1 0.313105 0.700827 0.303629 0.019669
1 0.456653 0.729333 0.590726 0.019669
1 0.360887 0.757982 0.399194 0.019384
1 0.248387 0.788483 0.174194 0.022805
1 0.329839 0.818558 0.337097 0.019669
1 0.291129 0.848917 0.259677 0.023375
1 0.292944 0.882982 0.263306 0.019669
1 0.366331 0.913626 0.410081 0.022805
1 0.358266 0.943700 0.393952 0.019669
