1 0.413508 0.040051 0.504435 0.019669
1 0.460685 0.068558 0.598790 0.019669
1 0.402621 0.096779 0.482661 0.020239
1 0.183468 0.127423 0.044355 0.023375
1 0.430645 0.159635 0.538710 0.023375
1 0.271573 0.189994 0.220565 0.019669
1 0.353226 0.218501 0.383871 0.019669
1 0.400403 0.247007 0.478226 0.019669
1 0.333468 0.277366 0.344355 0.023375
1 0.412702 0.307583 0.502823 0.019954
1 0.367742 0.337799 0.412903 0.023945
1 0.408468 0.368444 0.494355 0.019669
1 0.346169 0.396950 0.369758 0.019669
1 0.397581 0.424743 0.472581 0.021095
1 0.286694 0.453962 0.250806 0.019669
1 0.384274 0.484322 0.445968 0.023375
1 0.330242 0.516819 0.337903 0.022805
1 0.218145 0.544612 0.113710 0.015108
1 0.507258 0.572691 0.691935 0.023375
1 0.386895 0.603050 0.451210 0.019669
1 0.328629 0.631842 0.334677 0.019099
1 0.283266 0.659920 0.243952 0.019954
1 0.374597 0.690707 0.426613 0.022805
1 0.312702 0.722634 0.302823 0.023375
1 0.345565 0.752851 0.368548 0.019954
1 0.403831 0.781499 0.485081 0.019669
1 0.361694 0.809436 0.400806 0.020810
1 0.224597 0.838512 0.126613 0.019669
1 0.375403 0.869156 0.428226 0.022805
1 0.317137 0.899515 0.311694 0.019099
1 0.258669 0.927737 0.194758 0.019669
1 0.276613 0.958096 0.230645 0.023375
