1 0.408065 0.040051 0.493548 0.019669
1 0.350000 0.068558 0.377419 0.019669
1 0.377016 0.097064 0.431452 0.019669
1 0.503427 0.125570 0.684274 0.019669
1 0.371573 0.154076 0.420565 0.019669
1 0.337903 0.184436 0.353226 0.023375
1 0.441532 0.214795 0.560484 0.019669
1 0.495161 0.245154 0.667742 0.023375
1 0.367137 0.275513 0.411694 0.019669
1 0.364919 0.305160 0.407258 0.024800
1 0.270968 0.336231 0.219355 0.019669
1 0.310685 0.366591 0.298790 0.023375
1 0.363911 0.398090 0.405242 0.024800
1 0.370766 0.430872 0.418952 0.023660
1 0.378024 0.461659 0.433468 0.019099
1 0.235282 0.489880 0.147984 0.019669
1 0.334073 0.518387 0.345565 0.019669
1 0.227823 0.546750 0.133065 0.019954
1 0.371573 0.575399 0.420565 0.019669
1 0.341532 0.605616 0.360484 0.023660
1 0.389516 0.635975 0.456452 0.019954
1 0.325806 0.664481 0.329032 0.019954
1 0.318750 0.693130 0.314919 0.019669
1 0.365726 0.721636 0.408871 0.019669
1 0.291331 0.750428 0.260081 0.019099
1 0.360282 0.778649 0.397984 0.019669
1 0.256250 0.807013 0.189919 0.019954
1 0.414113 0.835661 0.505645 0.019669
1 0.374798 0.864168 0.427016 0.019669
1 0.382056 0.892816 0.441532 0.019384
1 0.292944 0.923318 0.263306 0.022805
1 0.285282 0.955673 0.247984 0.022520
