1 0.369758 0.040051 0.416935 0.019669
1 0.383065 0.068700 0.443548 0.019384
1 0.443145 0.098204 0.563710 0.024800
1 0.216935 0.129276 0.111290 0.019669
1 0.494960 0.157782 0.667339 0.019669
1 0.358871 0.188141 0.395161 0.023375
1 0.338911 0.220353 0.355242 0.023375
1 0.538710 0.251853 0.754839 0.024800
1 0.275202 0.282925 0.227823 0.019669
1 0.381653 0.313426 0.440726 0.023090
1 0.380242 0.343643 0.437903 0.019669
1 0.335081 0.374002 0.347581 0.023375
1 0.358871 0.404076 0.395161 0.020239
1 0.275202 0.433153 0.227823 0.019099
1 0.316935 0.463227 0.311290 0.023375
1 0.343750 0.493586 0.364919 0.019669
1 0.333065 0.522092 0.343548 0.019669
1 0.379637 0.550599 0.436694 0.019669
1 0.359476 0.579105 0.396371 0.019669
1 0.364718 0.607611 0.406855 0.019669
1 0.278831 0.636403 0.235081 0.019099
1 0.361492 0.664624 0.400403 0.019669
1 0.262097 0.690707 0.201613 0.015393
1 0.331653 0.718928 0.340726 0.023375
1 0.412903 0.751140 0.503226 0.023375
1 0.224597 0.781784 0.126613 0.019099
1 0.331653 0.811859 0.340726 0.023375
1 0.248790 0.842218 0.175000 0.019669
1 0.434073 0.871864 0.545565 0.024800
1 0.371169 0.902936 0.419758 0.019669
1 0.356855 0.930730 0.391129 0.021095
1 0.436694 0.959949 0.550806 0.019669
