1 0.178629 0.068843 0.115323 0.019099
1 0.454032 0.090222 0.666129 0.020239
1 0.290927 0.113455 0.339919 0.019954
1 0.332863 0.138540 0.423790 0.022805
1 0.261089 0.162058 0.280242 0.019669
1 0.259879 0.186431 0.277823 0.023375
1 0.233065 0.212657 0.224194 0.023375
1 0.287097 0.237030 0.332258 0.019669
1 0.237298 0.296608 0.232661 0.019669
1 0.261492 0.320981 0.281048 0.023375
1 0.353629 0.347206 0.465323 0.023375
1 0.340121 0.370867 0.438306 0.021095
1 0.357863 0.396665 0.473790 0.024800
1 0.227218 0.423176 0.212500 0.019669
1 0.384476 0.447548 0.527016 0.023375
1 0.240323 0.471921 0.238710 0.019669
1 0.406653 0.040051 0.692339 0.019669
1 0.201210 0.268101 0.321774 0.020239
0 0.625000 0.527366 0.120968 0.085519
1 0.350202 0.496152 0.619758 0.019669
0 0.100806 0.570125 0.120968 0.085519
1 0.101008 0.622007 0.121371 0.017104
