1 0.309073 0.070553 0.376210 0.023090
1 0.291129 0.096494 0.340323 0.023090
1 0.298387 0.120439 0.354839 0.019669
1 0.297581 0.145097 0.353226 0.022805
1 0.304032 0.168472 0.366129 0.019954
1 0.276411 0.191420 0.310887 0.019669
1 0.324395 0.213940 0.406855 0.019669
1 0.352218 0.235747 0.462500 0.021095
1 0.304234 0.297748 0.366532 0.024800
1 0.264113 0.326397 0.286290 0.022805
1 0.311492 0.349772 0.381048 0.019954
1 0.276411 0.372719 0.310887 0.019669
1 0.341129 0.395097 0.440323 0.019954
1 0.340927 0.417332 0.439919 0.021095
1 0.335484 0.443273 0.429032 0.024515
1 0.207863 0.469783 0.173790 0.018814
1 0.406653 0.040051 0.692339 0.019669
1 0.201210 0.268101 0.321774 0.020239
0 0.625000 0.527366 0.120968 0.085519
1 0.350202 0.496152 0.619758 0.019669
0 0.100806 0.570125 0.120968 0.085519
1 0.101008 0.622007 0.121371 0.017104
