1 0.282661 0.040051 0.242742 0.019669
1 0.391935 0.068558 0.461290 0.019669
1 0.380242 0.097064 0.437903 0.019669
1 0.302419 0.125570 0.282258 0.019669
1 0.399597 0.154361 0.476613 0.019099
1 0.255040 0.182583 0.187500 0.019669
1 0.436290 0.210376 0.550000 0.021095
1 0.203629 0.239738 0.084677 0.010262
1 0.485081 0.263540 0.647581 0.019669
1 0.332056 0.292047 0.341532 0.019669
1 0.385282 0.320553 0.447984 0.019669
1 0.193952 0.351482 0.065323 0.014823
1 0.478024 0.377566 0.633468 0.019669
1 0.415927 0.406072 0.509274 0.019669
1 0.244153 0.432868 0.165726 0.016249
1 0.416129 0.459664 0.509677 0.019669
1 0.315121 0.488170 0.307661 0.019669
1 0.359879 0.515964 0.397177 0.021095
1 0.359073 0.546893 0.395565 0.023660
1 0.380242 0.577395 0.437903 0.019669
1 0.382460 0.605758 0.442339 0.019954
1 0.325605 0.634407 0.328629 0.019669
1 0.349798 0.664909 0.377016 0.023090
1 0.330040 0.696266 0.337500 0.024800
1 0.275806 0.728478 0.229032 0.024800
1 0.316935 0.759550 0.311290 0.019669
1 0.382661 0.789909 0.442742 0.023375
1 0.289919 0.819555 0.257258 0.021095
1 0.399798 0.850200 0.477016 0.024230
1 0.301411 0.880986 0.280242 0.019669
1 0.381452 0.910633 0.440323 0.024800
1 0.401613 0.941705 0.480645 0.019669
