1 0.167742 0.068985 0.093548 0.018814
1 0.395968 0.092075 0.550000 0.023375
1 0.314516 0.116448 0.387097 0.019669
1 0.470363 0.138968 0.698790 0.019669
1 0.353831 0.163341 0.465726 0.023375
1 0.367339 0.187714 0.492742 0.019669
1 0.290927 0.210234 0.339919 0.019669
1 0.329234 0.232754 0.416532 0.019669
1 0.204637 0.296608 0.167339 0.019669
1 0.373589 0.319128 0.505242 0.019669
1 0.305444 0.343501 0.368952 0.023375
1 0.230847 0.368158 0.219758 0.019099
1 0.294758 0.390108 0.347581 0.020239
1 0.452823 0.412913 0.663710 0.019669
1 0.352419 0.437571 0.462903 0.022805
1 0.334274 0.462229 0.426613 0.024800
1 0.406653 0.040051 0.692339 0.019669
1 0.201210 0.268101 0.321774 0.020239
0 0.625000 0.527366 0.120968 0.085519
1 0.350202 0.496152 0.619758 0.019669
0 0.100806 0.570125 0.120968 0.085519
1 0.101008 0.622007 0.121371 0.017104
