1 0.266734 0.040051 0.210887 0.019669
1 0.417944 0.069698 0.513306 0.024800
1 0.390323 0.100770 0.458065 0.019669
1 0.346774 0.129418 0.370968 0.019384
1 0.372379 0.157925 0.422177 0.019384
1 0.324194 0.185718 0.325806 0.020810
1 0.301613 0.214795 0.280645 0.019669
1 0.379839 0.242588 0.437097 0.021095
1 0.355040 0.271807 0.387500 0.019669
1 0.307056 0.300314 0.291532 0.019669
1 0.323992 0.328107 0.325403 0.021095
1 0.382056 0.357326 0.441532 0.019669
1 0.384476 0.385262 0.446371 0.020810
1 0.363508 0.416192 0.404435 0.023375
1 0.312500 0.446693 0.302419 0.019384
1 0.395968 0.475057 0.469355 0.019669
1 0.366331 0.503421 0.410081 0.019954
1 0.312903 0.533780 0.303226 0.023660
1 0.282460 0.564282 0.242339 0.019669
1 0.320363 0.594498 0.318145 0.023660
1 0.356452 0.627138 0.390323 0.022805
1 0.295363 0.657212 0.268145 0.019669
1 0.323790 0.685718 0.325000 0.019669
1 0.377218 0.716078 0.431855 0.023375
1 0.397177 0.746437 0.471774 0.019669
1 0.285484 0.775228 0.248387 0.019099
1 0.358065 0.803449 0.393548 0.019669
1 0.251815 0.831956 0.181048 0.019669
1 0.418347 0.860462 0.514113 0.019669
1 0.251815 0.888968 0.181048 0.019669
1 0.393347 0.917474 0.464113 0.019669
1 0.325806 0.945981 0.329032 0.019669
