1 0.359677 0.039339 0.396774 0.021095
1 0.364113 0.068843 0.405645 0.019099
1 0.323790 0.097064 0.325000 0.019669
1 0.383065 0.125570 0.443548 0.019669
1 0.358871 0.154076 0.395161 0.019669
1 0.292137 0.182725 0.261694 0.019384
1 0.394758 0.212799 0.466935 0.023660
1 0.392137 0.243444 0.461694 0.019384
1 0.285081 0.273518 0.247581 0.023660
1 0.340927 0.305872 0.359274 0.023375
1 0.302016 0.336231 0.281452 0.019669
1 0.408669 0.365023 0.494758 0.019099
1 0.441129 0.395097 0.559677 0.023375
1 0.381250 0.425456 0.439919 0.019669
1 0.379839 0.455245 0.437097 0.024515
1 0.368347 0.486174 0.414113 0.019669
1 0.316129 0.514681 0.309677 0.019669
1 0.383065 0.545325 0.443548 0.022805
1 0.314113 0.575399 0.305645 0.019669
1 0.343347 0.605758 0.364113 0.023375
1 0.298589 0.636545 0.274597 0.018814
1 0.373185 0.664481 0.423790 0.019954
1 0.280040 0.693415 0.237500 0.019099
1 0.286089 0.724629 0.249597 0.021095
1 0.406452 0.754989 0.490323 0.024800
1 0.389718 0.786203 0.456855 0.019384
1 0.380444 0.813997 0.438306 0.020810
1 0.329234 0.844926 0.335887 0.023375
1 0.312903 0.875285 0.303226 0.019669
1 0.420161 0.904932 0.517742 0.024800
1 0.420766 0.935291 0.518952 0.021095
1 0.340121 0.964510 0.357661 0.019669
