1 0.422177 0.040051 0.521774 0.019669
1 0.183669 0.068700 0.044758 0.010262
1 0.467742 0.092503 0.612903 0.019669
1 0.252016 0.120439 0.181452 0.020810
1 0.387702 0.149515 0.452823 0.019669
1 0.343145 0.179732 0.363710 0.023660
1 0.343347 0.210234 0.364113 0.019669
1 0.322177 0.238597 0.321774 0.019954
1 0.367944 0.267246 0.413306 0.019669
1 0.381250 0.295753 0.439919 0.019669
1 0.221371 0.326112 0.120161 0.023375
1 0.497177 0.358324 0.671774 0.023375
1 0.277621 0.388683 0.232661 0.019669
1 0.440121 0.417189 0.557661 0.019669
1 0.345363 0.445981 0.368145 0.019099
1 0.314919 0.474202 0.307258 0.019669
1 0.403226 0.502138 0.483871 0.020810
1 0.402218 0.531214 0.481855 0.019669
1 0.370968 0.559721 0.419355 0.019669
1 0.301008 0.589225 0.279435 0.017674
1 0.351008 0.618586 0.379435 0.023375
1 0.351008 0.650798 0.379435 0.023375
1 0.319556 0.681157 0.316532 0.019669
1 0.395565 0.709664 0.468548 0.019669
1 0.401008 0.739880 0.479435 0.023660
1 0.322379 0.770667 0.322177 0.019099
1 0.403427 0.798888 0.484274 0.019669
1 0.387298 0.827680 0.452016 0.020239
1 0.400806 0.856471 0.479032 0.019669
1 0.337702 0.884977 0.352823 0.019669
1 0.400202 0.913483 0.477823 0.019669
1 0.469758 0.943843 0.616935 0.023375
