1 0.312500 0.068558 0.383065 0.019669
1 0.329435 0.091505 0.416935 0.018814
1 0.343145 0.114595 0.444355 0.023375
1 0.292944 0.138968 0.343952 0.019669
1 0.213306 0.161488 0.184677 0.019669
1 0.403427 0.184008 0.564919 0.019669
1 0.272581 0.206528 0.303226 0.019669
1 0.338508 0.228905 0.435081 0.019954
1 0.347782 0.298461 0.453629 0.023375
1 0.359274 0.322834 0.476613 0.019669
1 0.423387 0.344783 0.604839 0.020810
1 0.310081 0.369014 0.378226 0.019669
1 0.251815 0.393529 0.261694 0.023090
1 0.347782 0.419327 0.453629 0.023375
1 0.396774 0.443700 0.551613 0.019669
1 0.273992 0.466220 0.306048 0.019669
1 0.406653 0.040051 0.692339 0.019669
1 0.201210 0.268101 0.321774 0.020239
0 0.625000 0.527366 0.120968 0.085519
1 0.350202 0.496152 0.619758 0.019669
0 0.100806 0.570125 0.120968 0.085519
1 0.101008 0.622007 0.121371 0.017104
