1 0.436290 0.068415 0.630645 0.019954
1 0.429435 0.091220 0.616935 0.019954
1 0.171371 0.116021 0.100806 0.023375
1 0.374194 0.140678 0.506452 0.020239
1 0.320363 0.163483 0.398790 0.019669
1 0.326008 0.187856 0.410081 0.023375
1 0.318145 0.212229 0.394355 0.019669
1 0.342137 0.234749 0.442339 0.019669
1 0.318548 0.296465 0.395161 0.019954
1 0.356452 0.321123 0.470968 0.023660
1 0.330645 0.345781 0.419355 0.019954
1 0.349597 0.368729 0.457258 0.019669
1 0.272177 0.390678 0.302419 0.020810
1 0.336089 0.415051 0.430242 0.019384
1 0.339113 0.438284 0.436290 0.024800
1 0.222379 0.464082 0.202823 0.021095
1 0.406653 0.040051 0.692339 0.019669
1 0.201210 0.268101 0.321774 0.020239
0 0.625000 0.527366 0.120968 0.085519
1 0.350202 0.496152 0.619758 0.019669
0 0.100806 0.570125 0.120968 0.085519
1 0.101008 0.622007 0.121371 0.017104
