1 0.529032 0.039481 0.735484 0.020810
1 0.313508 0.067987 0.304435 0.020810
1 0.371169 0.096351 0.419758 0.021095
1 0.186895 0.127423 0.051210 0.023375
1 0.167137 0.160918 0.011694 0.004276
1 0.395565 0.181585 0.468548 0.019954
1 0.309677 0.212087 0.296774 0.023375
1 0.313911 0.242446 0.305242 0.019669
1 0.373589 0.272805 0.424597 0.023375
1 0.362298 0.302452 0.402016 0.021095
1 0.302823 0.333523 0.283065 0.023375
1 0.364718 0.365878 0.406855 0.023090
1 0.353831 0.397948 0.385081 0.023375
1 0.324194 0.428592 0.325806 0.019099
1 0.262500 0.456813 0.202419 0.019669
1 0.173992 0.485462 0.025403 0.010262
1 0.415121 0.511117 0.507661 0.023375
1 0.341129 0.541762 0.359677 0.019099
1 0.392137 0.572121 0.461694 0.022805
1 0.337702 0.602195 0.352823 0.019669
1 0.411492 0.630701 0.500403 0.019669
1 0.275605 0.659493 0.228629 0.019099
1 0.357460 0.687856 0.392339 0.019384
1 0.430242 0.718073 0.537903 0.023375
1 0.264113 0.750285 0.205645 0.023375
1 0.496774 0.782355 0.670968 0.023660
1 0.334073 0.814994 0.345565 0.022805
1 0.307056 0.847064 0.291532 0.023090
1 0.414718 0.876568 0.506855 0.021095
1 0.345968 0.905787 0.369355 0.019669
1 0.204032 0.934578 0.085484 0.019099
1 0.471371 0.962799 0.620161 0.019669
