1 0.357056 0.040336 0.391532 0.019099
1 0.353427 0.068558 0.384274 0.019669
1 0.321169 0.096494 0.319758 0.020810
1 0.453427 0.127423 0.584274 0.023375
1 0.540121 0.159065 0.757661 0.024515
1 0.382661 0.191847 0.442742 0.023375
1 0.363306 0.224059 0.404032 0.023375
1 0.341532 0.256271 0.360484 0.023375
1 0.278226 0.286916 0.233871 0.019099
1 0.450000 0.314994 0.577419 0.019954
1 0.301613 0.343643 0.280645 0.019669
1 0.369960 0.371437 0.417339 0.021095
1 0.299395 0.402509 0.276210 0.023375
1 0.387097 0.432155 0.451613 0.021095
1 0.303226 0.463227 0.283871 0.023375
1 0.368952 0.493871 0.415323 0.019099
1 0.328629 0.522377 0.334677 0.019099
1 0.377823 0.552452 0.433065 0.023375
1 0.256452 0.582811 0.190323 0.019669
1 0.373185 0.611602 0.423790 0.019099
1 0.377823 0.640108 0.433065 0.019099
1 0.330444 0.670182 0.338306 0.023375
1 0.330040 0.702395 0.337500 0.023375
1 0.384073 0.734892 0.445565 0.022805
1 0.293952 0.767104 0.265323 0.022805
1 0.397984 0.797178 0.473387 0.019669
1 0.393750 0.824971 0.464919 0.021095
1 0.357661 0.854190 0.392742 0.019669
1 0.354435 0.882697 0.386290 0.019669
1 0.360685 0.911488 0.398790 0.019099
1 0.341734 0.939709 0.360887 0.019669
