1 0.374395 0.041904 0.426210 0.023375
1 0.416331 0.074116 0.510081 0.023375
1 0.385484 0.104761 0.448387 0.020239
1 0.336290 0.135405 0.350000 0.023375
1 0.416129 0.165764 0.509677 0.019669
1 0.312702 0.196123 0.302823 0.023375
1 0.359274 0.228335 0.395968 0.023375
1 0.299194 0.258694 0.275806 0.019669
1 0.361290 0.286488 0.400000 0.021095
1 0.371169 0.317560 0.419758 0.023375
1 0.307056 0.347919 0.291532 0.019669
1 0.223790 0.378278 0.125000 0.015964
1 0.343952 0.406784 0.365323 0.023375
1 0.350403 0.438997 0.378226 0.023375
1 0.360282 0.469356 0.397984 0.019669
1 0.400202 0.497862 0.477823 0.019669
1 0.240323 0.528221 0.158065 0.023375
1 0.385081 0.560433 0.447581 0.023375
1 0.330444 0.592788 0.338306 0.023090
1 0.387500 0.622862 0.452419 0.019954
1 0.380242 0.651511 0.437903 0.019669
1 0.343145 0.680017 0.363710 0.019669
1 0.261895 0.708523 0.201210 0.019669
1 0.323790 0.737030 0.325000 0.019669
1 0.354234 0.765393 0.385887 0.019954
1 0.338508 0.793900 0.354435 0.019954
1 0.331653 0.824544 0.340726 0.023090
1 0.352621 0.854761 0.382661 0.019669
1 0.313306 0.883124 0.304032 0.019954
1 0.312903 0.911773 0.303226 0.019669
1 0.330040 0.942132 0.337500 0.023375
