1 0.406855 0.041904 0.491129 0.023375
1 0.369153 0.072263 0.415726 0.019669
1 0.368952 0.101055 0.415323 0.019099
1 0.380645 0.129276 0.438710 0.019669
1 0.370161 0.157212 0.417742 0.020810
1 0.423185 0.185576 0.523790 0.021095
1 0.343145 0.216648 0.363710 0.023375
1 0.347177 0.247007 0.371774 0.019669
1 0.363911 0.277366 0.405242 0.023375
1 0.402016 0.307440 0.481452 0.020239
1 0.349395 0.336231 0.376210 0.019669
1 0.288105 0.364880 0.253629 0.019384
1 0.382661 0.393387 0.442742 0.019384
1 0.350403 0.421750 0.378226 0.019669
1 0.359476 0.450542 0.396371 0.019099
1 0.336089 0.479048 0.349597 0.019099
1 0.381250 0.507412 0.439919 0.019384
1 0.381048 0.535633 0.439516 0.019954
1 0.307661 0.565422 0.292742 0.024800
1 0.282460 0.595781 0.242339 0.021095
1 0.412097 0.625000 0.501613 0.019669
1 0.339113 0.653506 0.355645 0.019669
1 0.357258 0.682298 0.391935 0.019099
1 0.305847 0.710519 0.289113 0.019669
1 0.309274 0.739025 0.295968 0.019669
1 0.376815 0.769384 0.431048 0.023375
1 0.338710 0.801739 0.354839 0.023090
1 0.381653 0.831956 0.440726 0.019669
1 0.403226 0.860462 0.483871 0.019669
1 0.329839 0.888968 0.337097 0.019669
1 0.388306 0.917332 0.454032 0.019954
1 0.239718 0.946123 0.156855 0.019384
