1 0.327419 0.041192 0.332258 0.024800
1 0.339919 0.074401 0.357258 0.022805
1 0.355242 0.104475 0.387903 0.019669
1 0.320363 0.134835 0.318145 0.023375
1 0.417540 0.165194 0.512500 0.019669
1 0.333669 0.195553 0.344758 0.023375
1 0.342944 0.227765 0.363306 0.023375
1 0.413911 0.258124 0.505242 0.019669
1 0.378024 0.286488 0.433468 0.019954
1 0.196976 0.312856 0.071371 0.015108
1 0.508468 0.339082 0.694355 0.019669
1 0.444556 0.367588 0.566532 0.019669
1 0.382460 0.396095 0.442339 0.019669
1 0.343548 0.424601 0.364516 0.019669
1 0.359879 0.452965 0.397177 0.019954
1 0.332056 0.483324 0.341532 0.023660
1 0.305242 0.515821 0.287903 0.023090
1 0.378427 0.547748 0.434274 0.023660
1 0.358871 0.580103 0.395161 0.023375
1 0.375202 0.609749 0.427823 0.021095
1 0.380040 0.638968 0.437500 0.019669
1 0.344758 0.667474 0.366935 0.019669
1 0.167137 0.699116 0.011694 0.004276
1 0.377621 0.721779 0.432661 0.023375
1 0.363306 0.753278 0.404032 0.024800
1 0.301815 0.786203 0.281048 0.023375
1 0.326210 0.818700 0.329839 0.022805
1 0.306653 0.848774 0.290726 0.019669
1 0.261895 0.879133 0.201210 0.023375
1 0.343548 0.909493 0.364516 0.019669
1 0.416532 0.937999 0.510484 0.019669
1 0.218145 0.968358 0.113710 0.023375
