1 0.349395 0.041904 0.376210 0.023375
1 0.264718 0.072263 0.206855 0.019669
1 0.360282 0.100770 0.397984 0.019669
1 0.282056 0.129418 0.241532 0.019384
1 0.320161 0.157497 0.317742 0.020239
1 0.385081 0.185718 0.447581 0.020810
1 0.370565 0.214795 0.418548 0.019669
1 0.397581 0.245154 0.472581 0.023375
1 0.279032 0.275656 0.235484 0.019384
1 0.458669 0.305872 0.594758 0.023375
1 0.310081 0.336374 0.297581 0.019384
1 0.420363 0.364738 0.518145 0.019669
1 0.352621 0.393244 0.382661 0.019669
1 0.312903 0.421750 0.303226 0.019669
1 0.355242 0.450257 0.387903 0.019669
1 0.322379 0.479048 0.322177 0.019099
1 0.349798 0.507412 0.377016 0.020525
1 0.302621 0.538056 0.282661 0.023660
1 0.364113 0.568415 0.405645 0.019954
1 0.245161 0.597064 0.167742 0.019669
1 0.352823 0.627423 0.383065 0.023375
1 0.252419 0.658067 0.182258 0.019099
1 0.450605 0.685576 0.578629 0.021095
1 0.353629 0.716648 0.384677 0.023375
1 0.300202 0.748860 0.277823 0.023375
1 0.408468 0.779219 0.494355 0.019669
1 0.266129 0.807725 0.209677 0.019669
1 0.322177 0.838084 0.321774 0.023375
1 0.285282 0.870296 0.247984 0.023375
1 0.392540 0.900656 0.462500 0.019669
1 0.322379 0.929447 0.322177 0.019099
1 0.326815 0.959379 0.331048 0.023660
