1 0.335887 0.040051 0.349194 0.019669
1 0.426815 0.070410 0.531048 0.023375
1 0.332661 0.102052 0.342742 0.024515
1 0.443548 0.132982 0.564516 0.019669
1 0.174395 0.161060 0.026210 0.011403
1 0.401613 0.184721 0.480645 0.021095
1 0.316532 0.213940 0.310484 0.019669
1 0.266129 0.244584 0.209677 0.022805
1 0.361089 0.275798 0.399597 0.024800
1 0.371774 0.306870 0.420968 0.019669
1 0.364718 0.337229 0.406855 0.023375
1 0.366331 0.367588 0.410081 0.019669
1 0.383468 0.397235 0.444355 0.017389
1 0.341331 0.424886 0.360081 0.019099
1 0.354435 0.454960 0.386290 0.023375
1 0.338508 0.487172 0.354435 0.023375
1 0.359274 0.517246 0.395968 0.020239
1 0.363911 0.545325 0.405242 0.021095
1 0.375403 0.574544 0.428226 0.019669
1 0.542944 0.604190 0.763306 0.024800
1 0.480242 0.637115 0.637903 0.023375
1 0.552419 0.669327 0.782258 0.023375
1 0.444758 0.699686 0.566935 0.019669
1 0.350605 0.728193 0.378629 0.019669
1 0.350202 0.756699 0.377823 0.019669
1 0.245363 0.787058 0.168145 0.015964
1 0.518548 0.815564 0.714516 0.023375
1 0.354234 0.845924 0.385887 0.019669
1 0.347581 0.874430 0.372581 0.019669
1 0.442944 0.904789 0.563306 0.023375
1 0.551210 0.937001 0.779839 0.023375
