1 0.335685 0.042189 0.348790 0.022805
1 0.347581 0.072121 0.372581 0.019954
1 0.344758 0.100770 0.366935 0.019669
1 0.532056 0.130416 0.741532 0.024800
1 0.309879 0.160775 0.297177 0.021095
1 0.334476 0.189994 0.346371 0.019669
1 0.440927 0.218501 0.559274 0.019669
1 0.384879 0.248860 0.447177 0.023375
1 0.359677 0.278649 0.396774 0.020810
1 0.314113 0.307440 0.305645 0.020239
1 0.408669 0.338084 0.494758 0.023375
1 0.401815 0.368444 0.481048 0.019669
1 0.367944 0.396950 0.413306 0.019669
1 0.379637 0.425456 0.436694 0.019669
1 0.296371 0.456100 0.270161 0.022805
1 0.406250 0.486032 0.489919 0.019384
1 0.262298 0.516534 0.202016 0.022805
1 0.372379 0.548461 0.422177 0.023375
1 0.350000 0.580673 0.377419 0.023375
1 0.379637 0.611032 0.436694 0.019669
1 0.275605 0.639681 0.228629 0.019384
1 0.372379 0.668044 0.422177 0.019669
1 0.415524 0.696551 0.508468 0.019669
1 0.363306 0.724344 0.404032 0.021095
1 0.332056 0.753563 0.341532 0.019669
1 0.275403 0.784208 0.228226 0.022805
1 0.337097 0.814139 0.351613 0.019954
1 0.292742 0.842645 0.262903 0.019954
1 0.309476 0.871294 0.296371 0.019669
1 0.344355 0.899088 0.366129 0.021095
1 0.309476 0.928307 0.296371 0.019669
1 0.292137 0.958951 0.261694 0.022805
