1 0.385887 0.041904 0.449194 0.023375
1 0.415121 0.072263 0.507661 0.019669
1 0.405645 0.100057 0.488710 0.021095
1 0.387097 0.130986 0.451613 0.023660
1 0.370161 0.161488 0.417742 0.019669
1 0.267742 0.189852 0.212903 0.019954
1 0.328427 0.218501 0.334274 0.019669
1 0.392742 0.248860 0.462903 0.023375
1 0.328024 0.279504 0.333468 0.019099
1 0.290323 0.307725 0.258065 0.019669
1 0.330645 0.336231 0.338710 0.019669
1 0.336290 0.364738 0.350000 0.019669
1 0.280040 0.395097 0.237500 0.015964
1 0.358468 0.423603 0.394355 0.023375
1 0.322782 0.455815 0.322984 0.023375
1 0.350403 0.486174 0.378226 0.019669
1 0.386290 0.514681 0.450000 0.019669
1 0.289919 0.543187 0.257258 0.019669
1 0.353024 0.571693 0.383468 0.019669
1 0.410887 0.600200 0.499194 0.019669
1 0.353226 0.630559 0.383871 0.023375
1 0.414113 0.662771 0.505645 0.023375
1 0.348387 0.695268 0.374194 0.022805
1 0.366532 0.727195 0.410484 0.023375
1 0.387298 0.757554 0.452016 0.019669
1 0.341331 0.787913 0.360081 0.023375
1 0.414919 0.818273 0.507258 0.019669
1 0.386290 0.846779 0.450000 0.019669
1 0.320968 0.875285 0.319355 0.019669
1 0.360484 0.903934 0.398387 0.019384
1 0.391935 0.932155 0.461290 0.019954
1 0.378831 0.960091 0.435081 0.021095
