1 0.270363 0.040336 0.218145 0.019099
1 0.411694 0.070410 0.500806 0.023375
1 0.229839 0.101055 0.137097 0.019099
1 0.388105 0.131271 0.453629 0.023090
1 0.317137 0.163341 0.311694 0.023375
1 0.328831 0.193700 0.335081 0.019669
1 0.326008 0.223774 0.329435 0.023945
1 0.338911 0.254276 0.355242 0.019954
1 0.372379 0.284778 0.422177 0.023375
1 0.404234 0.315279 0.485887 0.019384
1 0.221169 0.343786 0.119758 0.019384
1 0.395161 0.372007 0.467742 0.019954
1 0.303831 0.400656 0.285081 0.019669
1 0.399798 0.428592 0.477016 0.020810
1 0.241532 0.457811 0.160484 0.019384
1 0.415524 0.486174 0.508468 0.019669
1 0.352823 0.514681 0.383065 0.019669
1 0.380040 0.545325 0.437500 0.022805
1 0.347581 0.577252 0.372581 0.023375
1 0.381653 0.609322 0.440726 0.023660
1 0.233871 0.641676 0.145161 0.023375
1 0.384879 0.673888 0.447177 0.023375
1 0.460887 0.706100 0.599194 0.023375
1 0.342540 0.737600 0.362500 0.024800
1 0.454032 0.770525 0.585484 0.023375
1 0.371976 0.800599 0.421371 0.020239
1 0.392540 0.831385 0.462500 0.023090
1 0.300000 0.861602 0.277419 0.019669
1 0.385887 0.892104 0.449194 0.023090
1 0.337500 0.922320 0.352419 0.019669
1 0.296573 0.950827 0.270565 0.019669
