1 0.306653 0.039481 0.290726 0.020810
1 0.252016 0.067845 0.181452 0.021095
1 0.353226 0.097064 0.383871 0.019669
1 0.318548 0.125570 0.314516 0.019669
1 0.262298 0.155074 0.202016 0.017104
1 0.495565 0.183438 0.668548 0.024800
1 0.365121 0.214795 0.407661 0.019099
1 0.396371 0.243016 0.470161 0.019669
1 0.281452 0.271522 0.240323 0.019669
1 0.279032 0.300029 0.235484 0.019669
1 0.295565 0.328250 0.268548 0.020239
1 0.298790 0.356471 0.275000 0.020810
1 0.296371 0.387258 0.270161 0.023660
1 0.528024 0.417047 0.733468 0.021095
1 0.351411 0.446123 0.380242 0.019384
1 0.373992 0.476340 0.425403 0.023375
1 0.321573 0.506699 0.320565 0.019669
1 0.283065 0.535205 0.243548 0.019669
1 0.350806 0.563997 0.379032 0.019099
1 0.443548 0.594071 0.564516 0.023375
1 0.381452 0.624430 0.440323 0.019669
1 0.379637 0.652936 0.436694 0.019669
1 0.356653 0.683295 0.390726 0.023375
1 0.409274 0.713512 0.495968 0.019954
1 0.346774 0.742303 0.370968 0.020525
1 0.362097 0.770525 0.401613 0.021095
1 0.288710 0.801881 0.254839 0.022805
1 0.357661 0.833666 0.392742 0.023660
1 0.373589 0.865878 0.424597 0.023660
1 0.364113 0.898518 0.405645 0.022805
1 0.287903 0.928449 0.253226 0.019954
1 0.410081 0.958951 0.497581 0.023375
