1 0.310484 0.068843 0.379032 0.019099
1 0.261492 0.090650 0.281048 0.019384
1 0.259879 0.114595 0.277823 0.023375
1 0.335484 0.140821 0.429032 0.023375
1 0.253024 0.167047 0.264113 0.023375
1 0.353226 0.193273 0.464516 0.023375
1 0.267742 0.218928 0.293548 0.024515
1 0.327218 0.244441 0.412500 0.020810
1 0.276613 0.296608 0.311290 0.019669
1 0.222379 0.318415 0.202823 0.021095
1 0.331855 0.344926 0.421774 0.023375
1 0.321371 0.371152 0.400806 0.023375
1 0.333871 0.395667 0.425806 0.019384
1 0.273387 0.417759 0.304839 0.019669
1 0.273992 0.443273 0.306048 0.021095
1 0.289113 0.465935 0.336290 0.023660
1 0.406653 0.040051 0.692339 0.019669
1 0.201210 0.268101 0.321774 0.020239
0 0.625000 0.527366 0.120968 0.085519
1 0.350202 0.496152 0.619758 0.019669
0 0.100806 0.570125 0.120968 0.085519
1 0.101008 0.622007 0.121371 0.017104
