1 0.363306 0.042047 0.404032 0.023090
1 0.334274 0.072263 0.345968 0.019669
1 0.282258 0.101910 0.241935 0.017389
1 0.296371 0.128563 0.270161 0.021095
1 0.285484 0.157782 0.248387 0.019669
1 0.378831 0.186288 0.435081 0.019669
1 0.397379 0.214082 0.472177 0.021095
1 0.354234 0.242588 0.385887 0.021095
1 0.358266 0.271095 0.393952 0.021095
1 0.281855 0.300314 0.241129 0.019669
1 0.377419 0.328820 0.432258 0.019669
1 0.339718 0.357326 0.356855 0.019669
1 0.393750 0.387543 0.464919 0.023660
1 0.387500 0.418044 0.452419 0.019669
1 0.405847 0.445838 0.489113 0.021095
1 0.277823 0.476197 0.233065 0.024800
1 0.373790 0.507412 0.425000 0.019384
1 0.369960 0.535775 0.417339 0.019669
1 0.295363 0.564282 0.268145 0.019669
1 0.319556 0.594641 0.316532 0.023375
1 0.383468 0.625428 0.444355 0.019954
1 0.301008 0.654361 0.279435 0.019099
1 0.380040 0.684436 0.437500 0.023375
1 0.384677 0.715935 0.446774 0.024800
1 0.383468 0.748860 0.444355 0.023375
1 0.371371 0.779219 0.420161 0.019669
1 0.322379 0.807725 0.322177 0.019669
1 0.323992 0.837372 0.325403 0.024800
1 0.315524 0.868444 0.308468 0.019669
1 0.340121 0.896807 0.357661 0.019954
1 0.349597 0.925456 0.376613 0.019669
1 0.378226 0.953677 0.433871 0.020239
