1 0.265726 0.040051 0.208871 0.019669
1 0.498387 0.068558 0.674194 0.019669
1 0.367339 0.096351 0.412097 0.021095
1 0.343145 0.127423 0.363710 0.023375
1 0.357863 0.157782 0.393145 0.019669
1 0.397782 0.186288 0.472984 0.019669
1 0.324798 0.214795 0.327016 0.019669
1 0.357258 0.245296 0.391935 0.023090
1 0.416935 0.275513 0.511290 0.019669
1 0.376210 0.305872 0.429839 0.023375
1 0.382863 0.337372 0.443145 0.024800
1 0.282661 0.368444 0.242742 0.019669
1 0.392540 0.399088 0.462500 0.022805
1 0.357863 0.430872 0.393145 0.023660
1 0.327218 0.461374 0.331855 0.019669
1 0.343347 0.489880 0.364113 0.019669
1 0.296774 0.518387 0.270968 0.019669
1 0.264113 0.546893 0.205645 0.019669
1 0.327016 0.575399 0.331452 0.019669
1 0.297177 0.606043 0.271774 0.022805
1 0.333669 0.636117 0.344758 0.019669
1 0.370968 0.666477 0.419355 0.023375
1 0.393750 0.696836 0.464919 0.019669
1 0.348185 0.727195 0.373790 0.023375
1 0.377823 0.759265 0.433065 0.023660
1 0.338105 0.791904 0.353629 0.022805
1 0.378024 0.821978 0.433468 0.019669
1 0.381048 0.852623 0.439516 0.022805
1 0.296169 0.884692 0.269758 0.023090
1 0.296371 0.915051 0.270161 0.019384
1 0.375806 0.945268 0.429032 0.023375
