1 0.381452 0.041904 0.440323 0.023375
1 0.282661 0.074401 0.242742 0.022805
1 0.167137 0.107611 0.011694 0.004276
1 0.321573 0.130274 0.320565 0.023375
1 0.398387 0.162486 0.474194 0.023375
1 0.455242 0.194983 0.587903 0.022805
1 0.333871 0.225057 0.345161 0.019669
1 0.476411 0.255416 0.630242 0.023375
1 0.403831 0.285775 0.485081 0.019669
1 0.310484 0.314567 0.298387 0.020239
1 0.383871 0.345068 0.445161 0.023660
1 0.354032 0.374857 0.385484 0.021095
1 0.366129 0.405929 0.409677 0.023375
1 0.360282 0.436003 0.397984 0.020239
1 0.379435 0.464937 0.436290 0.019384
1 0.326210 0.497007 0.329839 0.019669
1 0.356048 0.525513 0.389516 0.019669
1 0.377016 0.554447 0.431452 0.019954
1 0.254637 0.582953 0.186694 0.019954
1 0.300202 0.611602 0.277823 0.019669
1 0.310685 0.641961 0.298790 0.023375
1 0.323790 0.672320 0.325000 0.019669
1 0.363105 0.702680 0.403629 0.023375
1 0.325806 0.733324 0.329032 0.019099
1 0.407460 0.763683 0.492339 0.022805
1 0.373185 0.795610 0.423790 0.023375
1 0.382056 0.825969 0.441532 0.019669
1 0.382460 0.854333 0.442339 0.019954
1 0.334879 0.884835 0.347177 0.023375
1 0.373185 0.917047 0.423790 0.023375
1 0.323185 0.949544 0.323790 0.022805
