1 0.225806 0.070410 0.209677 0.015964
1 0.297177 0.087372 0.352419 0.019669
1 0.345766 0.109892 0.449597 0.019669
1 0.359476 0.132697 0.477016 0.019099
1 0.256250 0.154361 0.270565 0.019669
1 0.310282 0.179019 0.378629 0.022805
1 0.306653 0.201824 0.371371 0.021095
1 0.352621 0.225770 0.463306 0.021095
1 0.300000 0.296893 0.358065 0.019099
1 0.396371 0.318558 0.550806 0.019669
1 0.289315 0.341078 0.336694 0.019669
1 0.293145 0.364738 0.344355 0.024800
1 0.372379 0.391249 0.502823 0.019669
1 0.316935 0.413056 0.391935 0.021095
1 0.283468 0.437999 0.325000 0.019099
1 0.317339 0.461517 0.392742 0.023375
1 0.406653 0.040051 0.692339 0.019669
1 0.201210 0.268101 0.321774 0.020239
0 0.625000 0.527366 0.120968 0.085519
1 0.350202 0.496152 0.619758 0.019669
0 0.100806 0.570125 0.120968 0.085519
1 0.101008 0.622007 0.121371 0.017104
