1 0.233266 0.037343 0.143952 0.015964
1 0.399395 0.067702 0.476210 0.019669
1 0.238306 0.096351 0.154032 0.018814
1 0.430847 0.124430 0.539113 0.019669
1 0.383871 0.152936 0.445161 0.019669
1 0.354435 0.181442 0.386290 0.019669
1 0.380040 0.209949 0.437500 0.019669
1 0.207258 0.238312 0.091935 0.019384
1 0.436290 0.268529 0.550000 0.023375
1 0.324395 0.300599 0.326210 0.023660
1 0.337097 0.331100 0.351613 0.019669
1 0.355242 0.359464 0.387903 0.019954
1 0.344960 0.387970 0.367339 0.019954
1 0.381048 0.416619 0.439516 0.019669
1 0.316331 0.445125 0.310081 0.019669
1 0.404637 0.473774 0.486694 0.020525
1 0.393750 0.502708 0.464919 0.019669
1 0.331855 0.533352 0.341129 0.022805
1 0.319960 0.562714 0.317339 0.021095
1 0.339315 0.594071 0.356048 0.022805
1 0.299194 0.625998 0.275806 0.023375
1 0.550000 0.656357 0.777419 0.019669
1 0.337500 0.687001 0.352419 0.022805
1 0.387097 0.717075 0.451613 0.019669
1 0.221169 0.743301 0.119758 0.015108
1 0.167137 0.772662 0.011694 0.004276
1 0.335685 0.793472 0.348790 0.019669
1 0.272379 0.821978 0.222177 0.019669
1 0.351815 0.850485 0.381048 0.019669
1 0.255444 0.879276 0.188306 0.019099
1 0.328427 0.907497 0.334274 0.019669
1 0.427621 0.936003 0.532661 0.019669
1 0.373387 0.963797 0.424194 0.021095
