1 0.320363 0.068558 0.398790 0.019669
1 0.301411 0.091078 0.360887 0.019669
1 0.218750 0.113597 0.195565 0.019669
1 0.313508 0.136117 0.385081 0.019669
1 0.312097 0.157782 0.382258 0.021380
1 0.344556 0.182013 0.447177 0.021380
1 0.338508 0.208951 0.435081 0.023375
1 0.338105 0.235177 0.434274 0.023375
1 0.327621 0.298461 0.413306 0.023375
1 0.320161 0.324971 0.398387 0.022805
1 0.306855 0.349629 0.371774 0.024800
1 0.303226 0.377851 0.364516 0.023660
1 0.219355 0.402936 0.196774 0.019099
1 0.321371 0.425741 0.400806 0.024800
1 0.295766 0.454105 0.349597 0.023375
1 0.406653 0.040051 0.692339 0.019669
1 0.201210 0.268101 0.321774 0.020239
0 0.625000 0.527366 0.120968 0.085519
1 0.350202 0.496152 0.619758 0.019669
0 0.100806 0.570125 0.120968 0.085519
1 0.101008 0.622007 0.121371 0.017104
