1 0.344355 0.040051 0.366129 0.019669
1 0.289718 0.068558 0.256855 0.019669
1 0.334476 0.099202 0.346371 0.022805
1 0.546774 0.130416 0.770968 0.024800
1 0.368548 0.161345 0.414516 0.019954
1 0.396371 0.189994 0.470161 0.019669
1 0.245161 0.218786 0.167742 0.020239
1 0.396976 0.247577 0.471371 0.019669
1 0.401613 0.276368 0.480645 0.019099
1 0.453831 0.304447 0.585081 0.019954
1 0.446371 0.332526 0.570161 0.020810
1 0.366935 0.361602 0.411290 0.019669
1 0.324395 0.390108 0.326210 0.019669
1 0.333065 0.420753 0.343548 0.022805
1 0.394153 0.452537 0.465726 0.023660
1 0.374395 0.483039 0.426210 0.019669
1 0.395565 0.511117 0.468548 0.020525
1 0.209879 0.540479 0.097177 0.018814
1 0.344758 0.569840 0.366935 0.024515
1 0.287298 0.600627 0.252016 0.019384
1 0.389113 0.630844 0.455645 0.023375
1 0.377621 0.661203 0.432661 0.019669
1 0.275605 0.689424 0.228629 0.020239
1 0.361694 0.719498 0.400806 0.024515
1 0.336492 0.750428 0.350403 0.019669
1 0.234677 0.779076 0.146774 0.019384
1 0.365726 0.809293 0.408871 0.023375
1 0.303226 0.839795 0.283871 0.019384
1 0.371976 0.868158 0.421371 0.019669
1 0.315726 0.896522 0.308871 0.019954
1 0.374395 0.925171 0.426210 0.019669
1 0.414919 0.955530 0.507258 0.023375
