1 0.382258 0.040051 0.441935 0.019669
1 0.387702 0.068558 0.452823 0.019669
1 0.341734 0.097064 0.360887 0.019669
1 0.356452 0.125570 0.390323 0.019669
1 0.367742 0.154076 0.412903 0.019669
1 0.333669 0.182583 0.344758 0.019669
1 0.397782 0.211089 0.472984 0.019669
1 0.306653 0.239880 0.290726 0.019099
1 0.360484 0.268101 0.398387 0.019669
1 0.223589 0.296750 0.124597 0.018814
1 0.566734 0.326967 0.810887 0.022805
1 0.373387 0.356899 0.424194 0.019954
1 0.340121 0.385690 0.357661 0.019384
1 0.346573 0.413911 0.370565 0.019954
1 0.277621 0.442845 0.232661 0.019099
1 0.435282 0.471066 0.547984 0.019669
1 0.471169 0.499572 0.619758 0.019669
1 0.395565 0.527936 0.468548 0.019954
1 0.311895 0.556585 0.301210 0.019669
1 0.366532 0.585091 0.410484 0.019669
1 0.335484 0.615450 0.348387 0.023375
1 0.331653 0.647948 0.340726 0.022805
1 0.444556 0.679875 0.566532 0.023375
1 0.401008 0.710091 0.479435 0.019954
1 0.400202 0.739025 0.477823 0.019099
1 0.278427 0.767246 0.234274 0.019669
1 0.481452 0.797605 0.640323 0.023375
1 0.387298 0.827822 0.452016 0.019954
1 0.351613 0.856613 0.380645 0.019384
1 0.322581 0.885262 0.322581 0.019099
1 0.423589 0.915336 0.524597 0.023375
1 0.307258 0.945696 0.291935 0.019669
