1 0.302419 0.040051 0.282258 0.019669
1 0.326815 0.069698 0.331048 0.024800
1 0.323185 0.100770 0.323790 0.019669
1 0.382258 0.129276 0.441935 0.019669
1 0.402218 0.158922 0.481855 0.024800
1 0.363710 0.189994 0.404839 0.019669
1 0.368347 0.218501 0.414113 0.019669
1 0.383266 0.246864 0.443952 0.019954
1 0.283468 0.275228 0.244355 0.020239
1 0.398589 0.306157 0.474597 0.022805
1 0.214315 0.336089 0.106048 0.019384
1 0.371169 0.366306 0.419758 0.023375
1 0.406653 0.398518 0.490726 0.023375
1 0.353629 0.428877 0.384677 0.019669
1 0.379032 0.459236 0.435484 0.023375
1 0.418750 0.489595 0.514919 0.019669
1 0.385282 0.517389 0.447984 0.021095
1 0.410685 0.546608 0.498790 0.019669
1 0.352621 0.575399 0.382661 0.020239
1 0.380242 0.604190 0.437903 0.019669
1 0.324597 0.632697 0.326613 0.019669
1 0.338508 0.663198 0.354435 0.023090
1 0.348589 0.693415 0.374597 0.019669
1 0.389718 0.721921 0.456855 0.019669
1 0.365726 0.752281 0.408871 0.023375
1 0.570363 0.784493 0.818145 0.023375
1 0.375202 0.815137 0.427823 0.019099
1 0.407460 0.845211 0.492339 0.023375
1 0.331653 0.875428 0.340726 0.019954
1 0.363911 0.905929 0.405242 0.023375
1 0.346169 0.936288 0.369758 0.019669
1 0.314113 0.966790 0.305645 0.023090
