1 0.331855 0.070410 0.421774 0.023375
1 0.351613 0.094783 0.461290 0.019669
1 0.163911 0.117303 0.085887 0.019669
1 0.321976 0.141676 0.402016 0.023375
1 0.338710 0.166049 0.435484 0.019669
1 0.324798 0.188569 0.407661 0.019669
1 0.341734 0.211089 0.441532 0.019669
1 0.303427 0.235747 0.364919 0.022805
1 0.324597 0.298461 0.407258 0.023375
1 0.273185 0.324544 0.304435 0.023660
1 0.326008 0.349344 0.410081 0.019669
1 0.319758 0.373717 0.397581 0.023375
1 0.295766 0.398090 0.349597 0.019669
1 0.267742 0.422748 0.293548 0.022805
1 0.358065 0.448119 0.474194 0.023375
1 0.319153 0.474202 0.396371 0.023660
1 0.406653 0.040051 0.692339 0.019669
1 0.201210 0.268101 0.321774 0.020239
0 0.625000 0.527366 0.120968 0.085519
1 0.350202 0.496152 0.619758 0.019669
0 0.100806 0.570125 0.120968 0.085519
1 0.101008 0.622007 0.121371 0.017104
