1 0.358669 0.070410 0.475403 0.023375
1 0.339718 0.094783 0.437500 0.019669
1 0.307460 0.119156 0.372984 0.023375
1 0.323185 0.142959 0.404435 0.020810
1 0.352823 0.167189 0.463710 0.019669
1 0.361694 0.191562 0.481452 0.023375
1 0.293952 0.215935 0.345968 0.019669
1 0.222581 0.238170 0.203226 0.020239
1 0.308065 0.298603 0.374194 0.023090
1 0.247177 0.322548 0.252419 0.019669
1 0.358871 0.346209 0.475806 0.024800
1 0.314516 0.372577 0.387097 0.019954
1 0.256048 0.395525 0.270161 0.019669
1 0.276210 0.419897 0.310484 0.023375
1 0.188508 0.444270 0.135081 0.019669
1 0.249798 0.466648 0.257661 0.019954
1 0.406653 0.040051 0.692339 0.019669
1 0.201210 0.268101 0.321774 0.020239
0 0.625000 0.527366 0.120968 0.085519
1 0.350202 0.496152 0.619758 0.019669
0 0.100806 0.570125 0.120968 0.085519
1 0.101008 0.622007 0.121371 0.017104
