1 0.351210 0.039909 0.379839 0.019954
1 0.379637 0.068558 0.436694 0.019669
1 0.471976 0.098917 0.621371 0.023375
1 0.366935 0.129276 0.411290 0.019669
1 0.350000 0.157782 0.377419 0.019669
1 0.302823 0.188141 0.283065 0.023375
1 0.293952 0.220496 0.265323 0.023090
1 0.345161 0.251283 0.367742 0.019669
1 0.320766 0.279932 0.318952 0.019384
1 0.351210 0.310148 0.379839 0.023375
1 0.391129 0.340507 0.459677 0.019669
1 0.362500 0.368301 0.402419 0.021095
1 0.345363 0.397520 0.368145 0.019669
1 0.341935 0.426311 0.361290 0.019099
1 0.365323 0.454532 0.408065 0.019669
1 0.374597 0.483039 0.426613 0.019669
1 0.325605 0.513398 0.328629 0.023375
1 0.344556 0.543757 0.366532 0.019669
1 0.345363 0.572263 0.368145 0.019669
1 0.317742 0.602623 0.312903 0.023375
1 0.294355 0.633267 0.266129 0.019099
1 0.320565 0.661488 0.318548 0.019669
1 0.350605 0.691847 0.378629 0.023375
1 0.326411 0.724059 0.330242 0.023375
1 0.245565 0.756842 0.168548 0.014823
1 0.423790 0.782925 0.525000 0.019669
1 0.382258 0.811859 0.441935 0.018814
1 0.240927 0.839225 0.159274 0.021095
1 0.333669 0.868444 0.344758 0.019669
1 0.329435 0.896950 0.336290 0.019669
1 0.380242 0.925456 0.437903 0.019669
1 0.310081 0.953962 0.297581 0.019669
