1 0.304435 0.068558 0.366935 0.019669
1 0.316129 0.092788 0.390323 0.023660
1 0.339315 0.117731 0.436694 0.019384
1 0.334677 0.141961 0.427419 0.022805
1 0.340121 0.164766 0.438306 0.021095
1 0.312702 0.191277 0.383468 0.023375
1 0.285484 0.215650 0.329032 0.019669
1 0.263508 0.239168 0.285081 0.025086
1 0.344556 0.297748 0.447177 0.024800
1 0.359274 0.326539 0.476613 0.022520
1 0.334274 0.350770 0.426613 0.024800
1 0.311492 0.377566 0.381048 0.019099
1 0.334879 0.398803 0.427823 0.020525
1 0.282661 0.422605 0.323387 0.019669
1 0.293548 0.447263 0.345161 0.022805
1 0.366734 0.471921 0.491532 0.024800
1 0.406653 0.040051 0.692339 0.019669
1 0.201210 0.268101 0.321774 0.020239
0 0.625000 0.527366 0.120968 0.085519
1 0.350202 0.496152 0.619758 0.019669
0 0.100806 0.570125 0.120968 0.085519
1 0.101008 0.622007 0.121371 0.017104
