1 0.393145 0.040051 0.463710 0.019669
1 0.408468 0.070125 0.494355 0.023945
1 0.382056 0.100485 0.441532 0.020239
1 0.387500 0.129276 0.452419 0.019669
1 0.428427 0.157782 0.534274 0.019669
1 0.211492 0.186288 0.100403 0.019669
1 0.358065 0.215935 0.393548 0.024800
1 0.368548 0.247007 0.414516 0.019669
1 0.394556 0.277366 0.466532 0.023375
1 0.341331 0.309578 0.360081 0.023375
1 0.374798 0.339937 0.427016 0.019669
1 0.246169 0.368729 0.169758 0.019099
1 0.375000 0.396950 0.427419 0.019669
1 0.265524 0.425884 0.208468 0.018814
1 0.369355 0.456100 0.416129 0.022805
1 0.296371 0.486032 0.270161 0.019954
1 0.392339 0.514681 0.462097 0.019669
1 0.258669 0.543044 0.194758 0.019384
1 0.393347 0.572548 0.464113 0.024800
1 0.304839 0.603335 0.287097 0.020239
1 0.391331 0.632269 0.460081 0.019384
1 0.417339 0.662486 0.512097 0.023375
1 0.385887 0.692702 0.449194 0.019954
1 0.388105 0.721351 0.453629 0.019669
1 0.306250 0.749857 0.289919 0.019669
1 0.366129 0.780217 0.409677 0.023375
1 0.356048 0.810576 0.389516 0.019669
1 0.318347 0.838369 0.314113 0.021095
1 0.342944 0.868729 0.363306 0.024800
1 0.265121 0.899088 0.207661 0.021095
1 0.376008 0.928307 0.429435 0.019669
1 0.167137 0.959949 0.011694 0.004276
