1 0.267540 0.042189 0.212500 0.022805
1 0.287097 0.074116 0.251613 0.023375
1 0.516532 0.105616 0.710484 0.024800
1 0.379637 0.136688 0.436694 0.019669
1 0.361492 0.166334 0.400403 0.024800
1 0.306855 0.197263 0.291129 0.019954
1 0.365726 0.227052 0.408871 0.024800
1 0.487500 0.259977 0.652419 0.023375
1 0.312702 0.292189 0.302823 0.023375
1 0.314718 0.324686 0.306855 0.022805
1 0.311089 0.356899 0.299597 0.022805
1 0.443548 0.388113 0.564516 0.024800
1 0.238306 0.421038 0.154032 0.023375
1 0.388911 0.452537 0.455242 0.024800
1 0.433871 0.484749 0.545161 0.024800
1 0.394556 0.515678 0.466532 0.019954
1 0.349798 0.543615 0.377016 0.021095
1 0.342944 0.572121 0.363306 0.021095
1 0.392944 0.603050 0.463306 0.023660
1 0.344556 0.633552 0.366532 0.019669
1 0.323790 0.662343 0.325000 0.019099
1 0.361895 0.689852 0.401210 0.021095
1 0.333065 0.720924 0.343548 0.023375
1 0.340323 0.751283 0.358065 0.019669
1 0.395766 0.779789 0.468952 0.019669
1 0.339718 0.808295 0.356855 0.019669
1 0.384879 0.836802 0.447177 0.019669
1 0.380444 0.865308 0.438306 0.019669
1 0.335081 0.893814 0.347581 0.019669
1 0.354637 0.924031 0.386694 0.023660
1 0.363105 0.956243 0.403629 0.023660
