1 0.379032 0.041904 0.435484 0.023375
1 0.454032 0.074116 0.585484 0.023375
1 0.340726 0.106328 0.358871 0.023375
1 0.389919 0.136830 0.457258 0.019384
1 0.323387 0.165194 0.324194 0.019669
1 0.395363 0.193700 0.468145 0.019669
1 0.432661 0.221779 0.542742 0.020525
1 0.205847 0.250855 0.089113 0.010262
1 0.382258 0.274658 0.441935 0.019669
1 0.271371 0.303164 0.220161 0.019669
1 0.339516 0.331528 0.356452 0.019954
1 0.363306 0.360177 0.404032 0.019669
1 0.377621 0.388683 0.432661 0.019669
1 0.371573 0.418472 0.420565 0.024515
1 0.343548 0.448974 0.364516 0.020525
1 0.315927 0.479761 0.309274 0.023375
1 0.404234 0.510120 0.485887 0.019669
1 0.363911 0.538626 0.405242 0.019669
1 0.399597 0.568273 0.476613 0.024800
1 0.339516 0.599487 0.356452 0.019384
1 0.297379 0.627851 0.272177 0.019669
1 0.260282 0.656357 0.197984 0.019669
1 0.299194 0.684863 0.275806 0.019669
1 0.300403 0.712657 0.278226 0.021095
1 0.356250 0.741163 0.389919 0.021095
1 0.357460 0.772520 0.392339 0.022805
1 0.386895 0.802594 0.451210 0.019669
1 0.363911 0.831100 0.405242 0.019669
1 0.368145 0.858894 0.413710 0.021095
1 0.328427 0.887400 0.334274 0.021095
1 0.331250 0.916477 0.339919 0.019954
1 0.337500 0.946266 0.352419 0.024800
