1 0.307056 0.067845 0.372177 0.021095
1 0.323387 0.092503 0.404839 0.019669
1 0.202621 0.115308 0.163306 0.019099
1 0.276008 0.138540 0.310081 0.023945
1 0.290323 0.163626 0.338710 0.019954
1 0.334879 0.186574 0.427823 0.019669
1 0.195968 0.209379 0.150000 0.019099
1 0.270161 0.232611 0.298387 0.023945
1 0.345766 0.296608 0.449597 0.019669
1 0.313508 0.319128 0.385081 0.019669
1 0.318750 0.341648 0.395565 0.019669
1 0.286694 0.364453 0.331452 0.019099
1 0.290927 0.385975 0.339919 0.019954
1 0.343750 0.408922 0.445565 0.019669
1 0.269556 0.431585 0.297177 0.019384
1 0.218750 0.453677 0.195565 0.019669
1 0.273387 0.476197 0.304839 0.019669
1 0.406653 0.040051 0.692339 0.019669
1 0.201210 0.268101 0.321774 0.020239
0 0.625000 0.527366 0.120968 0.085519
1 0.350202 0.496152 0.619758 0.019669
0 0.100806 0.570125 0.120968 0.085519
1 0.101008 0.622007 0.121371 0.017104
