1 0.232863 0.068415 0.223790 0.019954
1 0.368952 0.093073 0.495968 0.023660
1 0.322581 0.117303 0.403226 0.020810
1 0.268750 0.141534 0.295565 0.019669
1 0.335887 0.164054 0.429839 0.019669
1 0.147379 0.186859 0.052823 0.019099
1 0.302218 0.210376 0.362500 0.023375
1 0.376613 0.234749 0.511290 0.019669
1 0.339718 0.296465 0.437500 0.019954
1 0.346371 0.319413 0.450806 0.019669
1 0.541129 0.341933 0.840323 0.019669
1 0.524194 0.366306 0.806452 0.023375
1 0.310484 0.390678 0.379032 0.019669
1 0.243347 0.412486 0.244758 0.021095
1 0.338911 0.437144 0.435887 0.019669
1 0.317944 0.458951 0.393952 0.021095
1 0.406653 0.040051 0.692339 0.019669
1 0.201210 0.268101 0.321774 0.020239
0 0.625000 0.527366 0.120968 0.085519
1 0.350202 0.496152 0.619758 0.019669
0 0.100806 0.570125 0.120968 0.085519
1 0.101008 0.622007 0.121371 0.017104
