1 0.378427 0.039909 0.434274 0.019954
1 0.360081 0.068415 0.397581 0.019954
1 0.235282 0.099202 0.147984 0.022805
1 0.167137 0.132412 0.011694 0.004276
1 0.359879 0.153221 0.397177 0.019669
1 0.344556 0.181585 0.366532 0.019954
1 0.491331 0.211944 0.660081 0.023660
1 0.447379 0.242588 0.572177 0.019384
1 0.321573 0.270952 0.320565 0.019669
1 0.386492 0.299458 0.450403 0.019669
1 0.233266 0.329818 0.143952 0.015964
1 0.364718 0.356471 0.406855 0.019669
1 0.228226 0.384265 0.133871 0.011973
1 0.384879 0.408922 0.447177 0.019669
1 0.261895 0.438997 0.201210 0.016534
1 0.531855 0.465935 0.741129 0.019669
1 0.217742 0.496294 0.112903 0.015964
1 0.362702 0.525086 0.402823 0.022805
1 0.286492 0.555160 0.250403 0.019669
1 0.357056 0.583666 0.391532 0.019669
1 0.363508 0.613312 0.404435 0.024800
1 0.315323 0.646095 0.308065 0.023660
1 0.366331 0.676881 0.410081 0.020239
1 0.264113 0.705673 0.205645 0.019669
1 0.353629 0.736032 0.384677 0.023375
1 0.398589 0.768244 0.474597 0.023375
1 0.398992 0.800456 0.475403 0.023375
1 0.396169 0.830815 0.469758 0.019669
1 0.246169 0.859322 0.169758 0.019669
1 0.367944 0.887115 0.413306 0.021095
1 0.506048 0.918187 0.689516 0.023375
1 0.420363 0.949686 0.518145 0.024800
