1 0.286895 0.068415 0.331855 0.019954
1 0.336290 0.092503 0.430645 0.024800
1 0.355040 0.121152 0.468145 0.022805
1 0.336492 0.144669 0.431048 0.019669
1 0.245363 0.167474 0.248790 0.019099
1 0.215323 0.189424 0.188710 0.019099
1 0.331855 0.211089 0.421774 0.019669
1 0.285282 0.233751 0.328629 0.019384
1 0.260081 0.298746 0.278226 0.022805
1 0.276008 0.324116 0.310081 0.023375
1 0.339919 0.348489 0.437903 0.019669
1 0.311694 0.371009 0.381452 0.019669
1 0.167742 0.393529 0.093548 0.019669
1 0.350000 0.416049 0.458065 0.019669
1 0.256653 0.439709 0.271371 0.024800
1 0.327419 0.466220 0.412903 0.019669
1 0.406653 0.040051 0.692339 0.019669
1 0.201210 0.268101 0.321774 0.020239
0 0.625000 0.527366 0.120968 0.085519
1 0.350202 0.496152 0.619758 0.019669
0 0.100806 0.570125 0.120968 0.085519
1 0.101008 0.622007 0.121371 0.017104
