1 0.279637 0.041904 0.236694 0.023375
1 0.286089 0.075969 0.249597 0.019669
1 0.307863 0.106186 0.293145 0.023660
1 0.265524 0.140393 0.208468 0.019669
1 0.389315 0.168900 0.456048 0.019669
1 0.378024 0.199401 0.433468 0.023090
1 0.326411 0.229618 0.330242 0.019669
1 0.356855 0.258267 0.391129 0.019384
1 0.337702 0.287771 0.352823 0.024800
1 0.396371 0.318130 0.470161 0.021095
1 0.382863 0.349202 0.443145 0.023375
1 0.310685 0.379561 0.298790 0.019669
1 0.303226 0.408067 0.283871 0.019669
1 0.369355 0.436574 0.416129 0.019669
1 0.292540 0.465080 0.262500 0.019669
1 0.393750 0.493586 0.464919 0.019669
1 0.242137 0.522092 0.161694 0.019669
1 0.334274 0.552452 0.345968 0.023375
1 0.383266 0.584664 0.443952 0.023375
1 0.338911 0.615308 0.355242 0.019099
1 0.376008 0.643529 0.429435 0.019669
1 0.377823 0.671323 0.433065 0.021095
1 0.347782 0.702395 0.372984 0.023375
1 0.258266 0.734892 0.193952 0.022805
1 0.373992 0.767104 0.425403 0.022805
1 0.352016 0.797178 0.381452 0.019669
1 0.384073 0.825684 0.445565 0.019669
1 0.387097 0.854048 0.451613 0.019954
1 0.371371 0.884550 0.420161 0.023375
1 0.373387 0.914909 0.424194 0.019669
1 0.302823 0.943415 0.283065 0.019669
