1 0.396976 0.040051 0.471371 0.019669
1 0.380847 0.069698 0.439113 0.024800
1 0.297177 0.102908 0.271774 0.022805
1 0.296573 0.132982 0.270565 0.019669
1 0.377016 0.160775 0.431452 0.021095
1 0.362903 0.189994 0.403226 0.019669
1 0.355242 0.217788 0.387903 0.021095
1 0.360282 0.248717 0.397984 0.023660
1 0.302621 0.278506 0.282661 0.021095
1 0.280242 0.307725 0.237903 0.019669
1 0.436492 0.335519 0.550403 0.021095
1 0.380242 0.364738 0.437903 0.019669
1 0.428427 0.393244 0.534274 0.019669
1 0.372782 0.423033 0.422984 0.024515
1 0.333871 0.454105 0.345161 0.019384
1 0.344355 0.482754 0.366129 0.019099
1 0.376008 0.513113 0.429435 0.022805
1 0.342339 0.543187 0.362097 0.019669
1 0.220766 0.574116 0.118952 0.014823
1 0.333468 0.602052 0.344355 0.023375
1 0.353427 0.632412 0.384274 0.019669
1 0.359274 0.660918 0.395968 0.019669
1 0.365121 0.688712 0.407661 0.021095
1 0.388105 0.717218 0.453629 0.021095
1 0.330645 0.746722 0.338710 0.019099
1 0.356048 0.774943 0.389516 0.019669
1 0.273387 0.803592 0.224194 0.019384
1 0.572984 0.833666 0.823387 0.023660
1 0.343548 0.866021 0.364516 0.023375
1 0.294960 0.896665 0.267339 0.019099
1 0.340927 0.924886 0.359274 0.019669
1 0.393548 0.953392 0.464516 0.019669
